0.0295
0.0335
0.0321
0.0472
0.0326
0.0288
0.0449
0.0263
0.027
0.0316
0.0287
0.0294
0.0266
0.04
0.0314
0.0292
0.0296
0.0317
0.0329
0.0325
0.0252
0.0278
0.0278
0.0284
0.0326
0.0384
0.0371
0.0297
0.0276
0.0304
0.0348
0.0282
0.0276
0.0265
0.0288
0.0314
0.0303
0.0334
0.0233
0.0413
0.0327
0.031
0.0232
0.0284
0.0293
0.0707
0.0374
0.0281
0.0301
0.0367
0.034
0.0348
0.0217
0.0335
0.0258
0.0259
0.0389
0.0254
0.031
0.0382
0.0523
0.0998
0.1158
0.0898
0.3093
0.4183
0.0713
0.2653
0.0561
0.4552
0.473
0.0578
0.2981
0.235
0.0748
0.1438
0.0693
0.3655
0.0749
0.0752
0.0417
0.0713
0.0638
0.3099
0.0541
0.0765
0.0639
0.3842
0.3687
0.0653
0.0689
0.088
0.0807
0.0649
0.0657
0.0723
0.0731
0.0849
0.1871
0.0802
0.3257
0.2681
0.2715
0.2679
0.2126
0.1459
0.0941
0.13
0.072
0.0671
0.2159
0.1943
0.2757
0.084
0.3531
0.0633
0.3901
0.061
0.087
0.2987
0.2931
0.2963
0.3012
0.2965
0.2991
0.2913
0.2995
0.2878
0.2857
0.2932
0.2965
0.2893
0.2902
0.2935
0.2865
0.2954
0.2918
0.3027
0.2996
0.2943
0.285
0.2924
0.3247
0.315
0.2982
0.2934
0.2893
0.2974
0.3002
0.298
0.2909
0.2844
0.3127
0.2941
0.295
0.3015
0.2923
0.2946
0.2855
0.2965
0.3007
0.2974
0.2988
0.287
0.2902
0.3321
0.305
0.2884
0.294
0.3032
0.2886
0.2939
0.291
0.2899
0.3071
0.2858
0.3196
0.2907
0.2993
0.2956
0.1575
0.167
0.1737
0.1659
0.1654
0.1696
0.1504
0.1654
0.1276
0.1351
0.1783
0.1379
0.1527
0.1809
0.1551
0.1732
0.1618
0.1566
0.171
0.1581
0.1093
0.1557
0.167
0.1673
0.165
0.1684
0.1637
0.1626
0.169
0.1676
0.1677
0.162
0.1803
0.1381
0.1564
0.1667
0.1488
0.1671
0.1456
0.1757
0.1551
0.1639
0.1646
0.1547
0.1637
0.2191
0.1721
0.1446
0.1716
0.1678
0.1614
0.1649
0.1526
0.167
0.1578
0.1325
0.1729
0.1606
0.1701
0.1604
0.0656
0.0489
0.0628
0.0597
0.0682
0.0653
0.0723
0.0492
0.05
0.0603
0.0779
0.0532
0.0448
0.059
0.0528
0.0622
0.0595
0.0755
0.0685
0.0723
0.0514
0.0467
0.0375
0.0639
0.0597
0.0729
0.0493
0.0758
0.056
0.0715
0.0615
0.0564
0.0732
0.0574
0.0654
0.0643
0.0765
0.0821
0.0571
0.0522
0.0707
0.066
0.0544
0.0513
0.0579
0.1435
0.0658
0.0409
0.0572
0.0554
0.0611
0.0618
0.0625
0.0582
0.057
0.0788
0.0597
0.0516
0.0679
0.0616
0.0907
0.2072
0.2294
0.1701
0.1746
0.1678
0.1294
0.166
0.0904
0.1066
0.0565
0.0872
0.175
0.1799
0.1151
0.1675
0.1398
0.1753
0.1738
0.156
0.0753
0.1176
0.1357
0.2003
0.2604
0.1574
0.0925
0.1623
0.1076
0.216
0.1573
0.1105
0.1929
0.1544
0.1734
0.1752
0.1369
0.1649
0.1541
0.1362
0.2104
0.1498
0.186
0.1617
0.1415
0.2055
0.2168
0.1487
0.1852
0.127
0.1763
0.165
0.1919
0.1139
0.1723
0.1399
0.2098
0.1436
0.186
0.1319
0.1004
0.1276
0.1484
0.1371
0.1587
0.1344
0.1444
0.1465
0.1291
0.1005
0.1626
0.1193
0.1381
0.1318
0.1438
0.1359
0.1308
0.1588
0.1286
0.1452
0.0867
0.1219
0.138
0.1494
0.1666
0.1454
0.1566
0.1487
0.1292
0.1564
0.1575
0.1451
0.1592
0.1454
0.1481
0.1558
0.1371
0.1562
0.1398
0.1341
0.1526
0.1444
0.1476
0.1296
0.1338
0.1891
0.1601
0.1368
0.1401
0.1339
0.133
0.1342
0.1282
0.1294
0.1534
0.124
0.1877
0.1398
0.1544
0.146
0.167
0.353
0.417
0.3367
0.3941
0.2616
0.3478
0.3004
0.1472
0.1524
0.3347
0.1621
0.2661
0.3381
0.3866
0.4157
0.4335
0.3345
0.3756
0.4326
0.4065
0.366
0.2507
0.2617
0.2678
0.2325
0.4144
0.2024
0.2725
0.4451
0.3198
0.2479
0.2578
0.4777
0.4146
0.4907
0.3713
0.4046
0.3086
0.3939
0.2638
0.3962
0.3711
0.3565
0.2753
0.4604
0.3796
0.377
0.315
0.3205
0.4158
0.3441
0.2425
0.4096
0.3304
0.391
0.324
0.4082
0.396
0.2004
0.673
0.6436
0.6663
0.6442
0.6566
0.6722
0.6643
0.6575
0.6365
0.6603
0.6697
0.6629
0.6674
0.6734
0.6524
0.6741
0.6607
0.6654
0.6793
0.659
0.6294
0.6535
0.6747
0.6827
0.6736
0.6492
0.6691
0.6636
0.6462
0.6761
0.6698
0.6526
0.6734
0.6819
0.6702
0.6661
0.6581
0.657
0.6512
0.6625
0.6641
0.6667
0.6677
0.6532
0.6692
0.678
0.6736
0.6602
0.6638
0.6525
0.6535
0.6594
0.6623
0.6705
0.6662
0.6502
0.6604
0.6601
0.6712
0.6658
0.172
0.2164
0.2322
0.1482
0.199
0.2115
0.1105
0.1873
0.2052
0.1803
0.2328
0.1998
0.1958
0.1336
0.2102
0.1398
0.1325
0.2146
0.1404
0.2134
0.1814
0.1066
0.2303
0.2071
0.2305
0.2257
0.1716
0.1903
0.1785
0.2059
0.1691
0.2169
0.2325
0.1776
0.2095
0.1927
0.1396
0.2388
0.1847
0.1957
0.1851
0.1874
0.2118
0.1763
0.1421
0.1778
0.2215
0.1801
0.1889
0.1627
0.1834
0.1424
0.1636
0.1889
0.1576
0.1607
0.2161
0.1874
0.2176
0.2155
0.1808
0.1873
0.19
0.1939
0.1837
0.176
0.185
0.1766
0.1831
0.1743
0.1774
0.175
0.1768
0.1913
0.1714
0.1854
0.1747
0.179
0.1891
0.1817
0.1679
0.1848
0.1814
0.198
0.1852
0.1794
0.1884
0.1822
0.1859
0.1813
0.1855
0.1797
0.1824
0.1782
0.1803
0.1848
0.1829
0.1766
0.1804
0.1894
0.1868
0.1906
0.1774
0.1817
0.1871
0.2162
0.1875
0.1777
0.1844
0.1863
0.2057
0.1909
0.1836
0.1827
0.1775
0.1823
0.1844
0.1775
0.1854
0.1821
0.2935
0.4136
0.5229
0.3587
0.3757
0.524
0.424
0.4427
0.3723
0.5449
0.3333
0.271
0.338
0.4024
0.3725
0.3399
0.3971
0.4283
0.3095
0.4756
0.1854
0.4101
0.5745
0.4945
0.4061
0.5417
0.3128
0.4397
0.397
0.4971
0.3968
0.3025
0.5027
0.3299
0.5083
0.4294
0.4494
0.4394
0.2891
0.49
0.4413
0.4316
0.551
0.3728
0.3938
0.4778
0.411
0.337
0.5335
0.3508
0.4517
0.3894
0.374
0.5184
0.3323
0.3455
0.4691
0.4857
0.463
0.3456
0.2035
0.3361
0.3119
0.282
0.3531
0.4005
0.3504
0.3101
0.2505
0.2783
0.2681
0.3305
0.3832
0.316
0.197
0.4015
0.2886
0.3921
0.2877
0.3605
0.1044
0.4289
0.2334
0.3779
0.2315
0.2334
0.2727
0.3215
0.2565
0.3978
0.3736
0.2733
0.3221
0.3558
0.3182
0.3833
0.3805
0.4118
0.3038
0.4091
0.2995
0.3111
0.3344
0.3053
0.3694
0.3927
0.2606
0.2587
0.317
0.2943
0.3584
0.3258
0.2966
0.3382
0.338
0.335
0.2894
0.3001
0.2524
0.3418
0.1294
0.1638
0.179
0.1276
0.1461
0.1838
0.0927
0.1527
0.1678
0.112
0.1218
0.0605
0.1439
0.1473
0.1363
0.1245
0.0996
0.1373
0.1494
0.1437
0.044
0.1044
0.1651
0.1901
0.1771
0.1342
0.0807
0.1483
0.1614
0.1519
0.1492
0.1589
0.166
0.1225
0.1305
0.1107
0.1151
0.1468
0.1083
0.1604
0.1452
0.1399
0.1493
0.1247
0.1575
0.2153
0.1782
0.1268
0.1578
0.0943
0.1334
0.1242
0.1347
0.1642
0.132
0.1181
0.1796
0.1521
0.1411
0.0995
0.3846
0.3841
0.4572
0.3373
0.4539
0.3974
0.2773
0.4106
0.3917
0.4609
0.4813
0.3913
0.3966
0.307
0.3594
0.312
0.2995
0.4063
0.3159
0.4379
0.3255
0.2888
0.4419
0.4134
0.3712
0.4223
0.3545
0.4411
0.3194
0.4703
0.3881
0.3914
0.4357
0.3197
0.4062
0.3743
0.3068
0.466
0.374
0.3602
0.3511
0.4261
0.3973
0.3638
0.3492
0.3886
0.5243
0.3875
0.3907
0.4143
0.3809
0.3677
0.3855
0.3737
0.4117
0.3929
0.3919
0.4027
0.3977
0.3611
0.0837
0.129
0.151
0.1484
0.1229
0.1384
0.1248
0.1387
0.1441
0.1473
0.14
0.0892
0.1286
0.1661
0.1346
0.1424
0.1374
0.1178
0.1513
0.1327
0.0749
0.1159
0.1428
0.1465
0.1498
0.1347
0.1044
0.1426
0.127
0.1402
0.1394
0.1414
0.1333
0.1319
0.1361
0.1288
0.1313
0.1292
0.1269
0.1507
0.1332
0.1396
0.133
0.134
0.1456
0.0975
0.1377
0.1283
0.1469
0.1525
0.1386
0.1465
0.1305
0.1677
0.1285
0.1088
0.1778
0.1376
0.1489
0.1384
0.1378
0.1532
0.1742
0.239
0.1794
0.1743
0.2365
0.1781
0.1609
0.148
0.1346
0.1494
0.1778
0.2768
0.1302
0.224
0.2284
0.1458
0.2056
0.1642
0.0962
0.2208
0.1561
0.1876
0.1448
0.1556
0.1514
0.1411
0.1809
0.1473
0.2161
0.1347
0.1321
0.1574
0.172
0.1975
0.2393
0.1327
0.1729
0.1764
0.2125
0.2313
0.1655
0.196
0.2104
0.291
0.1465
0.1659
0.1853
0.2262
0.2005
0.2373
0.1607
0.1771
0.1835
0.1781
0.1633
0.154
0.175
0.1608
0.0724
0.1865
0.1884
0.1797
0.1684
0.2938
0.1198
0.1636
0.0819
0.0816
0.2576
0.1653
0.1992
0.1846
0.2254
0.1584
0.1538
0.1839
0.1025
0.207
0.2462
0.0881
0.2422
0.2308
0.2207
0.172
0.0653
0.2589
0.1421
0.1686
0.1912
0.2509
0.3949
0.1627
0.1638
0.2526
0.1433
0.1681
0.1775
0.225
0.2027
0.1575
0.1722
0.1856
0.1458
0.2112
0.1797
0.227
0.1683
0.1455
0.2222
0.1284
0.1722
0.1943
0.1563
0.1461
0.1783
0.2355
0.1836
0.2361
0.0398
0.145
0.1905
0.0964
0.1127
0.2486
0.1006
0.1421
0.079
0.0495
0.0877
0.0529
0.117
0.1376
0.1222
0.0825
0.0929
0.1299
0.0728
0.1191
0.0349
0.0826
0.1438
0.1826
0.181
0.1231
0.0509
0.1646
0.1445
0.1613
0.0752
0.1157
0.1658
0.056
0.119
0.1062
0.1086
0.0839
0.0693
0.1427
0.0922
0.0925
0.149
0.0988
0.1367
0.1885
0.186
0.0655
0.153
0.0925
0.1135
0.1078
0.1068
0.12
0.1532
0.0604
0.1529
0.0966
0.0817
0.1055
0.1428
0.1327
0.1498
0.1312
0.1256
0.1534
0.1221
0.1183
0.1052
0.132
0.1239
0.1241
0.1035
0.1243
0.1089
0.1242
0.11
0.124
0.1364
0.1298
0.0911
0.1249
0.117
0.1659
0.1418
0.1215
0.0964
0.1113
0.1332
0.109
0.1208
0.1323
0.106
0.1084
0.1298
0.1325
0.1116
0.1023
0.1065
0.1483
0.1517
0.129
0.1417
0.112
0.1202
0.1979
0.1417
0.1198
0.1311
0.1257
0.1061
0.1303
0.1133
0.1236
0.1179
0.1001
0.1204
0.1272
0.1237
0.0938
0.2361
0.2732
0.2995
0.3043
0.2853
0.3512
0.2856
0.2987
0.2247
0.2255
0.1964
0.2173
0.2621
0.3535
0.2088
0.3144
0.2833
0.274
0.3022
0.2553
0.149
0.3069
0.3159
0.3283
0.2796
0.2795
0.2424
0.2619
0.2351
0.2533
0.3154
0.2091
0.3176
0.2831
0.269
0.3082
0.2894
0.2172
0.241
0.2761
0.3188
0.2718
0.2872
0.2633
0.2559
0.348
0.2536
0.2518
0.2765
0.2761
0.2746
0.3012
0.244
0.2753
0.2877
0.2775
0.2884
0.2333
0.254
0.2742
0.0397
0.0688
0.041
0.0807
0.0679
0.046
0.0679
0.0478
0.036
0.0402
0.035
0.0387
0.0409
0.0828
0.0427
0.0771
0.0672
0.0531
0.0688
0.0477
0.0317
0.0631
0.0393
0.0539
0.0812
0.0319
0.0473
0.0534
0.0496
0.04
0.0681
0.0335
0.0397
0.0588
0.0448
0.0582
0.0695
0.0441
0.041
0.0472
0.0608
0.0556
0.0458
0.053
0.0675
0.1576
0.0359
0.0359
0.0573
0.0606
0.0652
0.0751
0.0386
0.0495
0.0536
0.0517
0.0563
0.0347
0.0496
0.0453
0.1498
0.3145
0.2147
0.3325
0.2559
0.2542
0.361
0.3535
0.2197
0.356
0.3703
0.3619
0.2577
0.3706
0.1704
0.3454
0.32
0.2849
0.3884
0.2728
0.1988
0.3468
0.1541
0.3758
0.3023
0.2114
0.3861
0.2227
0.3515
0.226
0.308
0.2791
0.1835
0.3576
0.3005
0.3472
0.3438
0.2657
0.2498
0.2964
0.3298
0.2917
0.3393
0.2354
0.2769
0.3775
0.2687
0.237
0.2207
0.368
0.277
0.3094
0.313
0.3462
0.2858
0.2247
0.242
0.2337
0.2326
0.2388
0.0694
0.0716
0.1264
0.1189
0.1403
0.1127
0.1433
0.1112
0.0779
0.0731
0.0734
0.0701
0.1178
0.1373
0.0652
0.1189
0.1205
0.1016
0.1186
0.1163
0.0622
0.0716
0.1391
0.1423
0.1602
0.1287
0.0959
0.0735
0.1011
0.0987
0.0982
0.0742
0.1029
0.129
0.1151
0.139
0.1204
0.1165
0.0777
0.1454
0.1508
0.103
0.1329
0.1187
0.11
0.1767
0.153
0.1134
0.1324
0.0873
0.1104
0.1218
0.0889
0.07
0.0999
0.0905
0.1524
0.1308
0.1196
0.0876
0.1528
0.1116
0.167
0.2096
0.1671
0.1554
0.1882
0.1602
0.1738
0.1692
0.1386
0.1512
0.1466
0.2073
0.1413
0.2041
0.1959
0.154
0.1949
0.1626
0.1458
0.1935
0.1624
0.1885
0.1547
0.1664
0.153
0.1479
0.1812
0.157
0.1898
0.1525
0.1338
0.1719
0.1627
0.185
0.1882
0.1413
0.1648
0.188
0.1892
0.1816
0.1702
0.1734
0.1737
0.2403
0.1544
0.1725
0.1842
0.1988
0.1839
0.2011
0.1694
0.1785
0.1713
0.1851
0.1792
0.1591
0.174
0.1744
0.1213
0.1031
0.1221
0.1263
0.113
0.0864
0.1132
0.1063
0.1076
0.1205
0.109
0.1063
0.0983
0.1148
0.101
0.1035
0.1002
0.1097
0.1131
0.1101
0.0923
0.1051
0.1082
0.1286
0.1158
0.1142
0.1241
0.1056
0.1194
0.1089
0.1122
0.1107
0.1149
0.1044
0.1126
0.1113
0.1067
0.1074
0.1079
0.1182
0.1113
0.1167
0.1043
0.1028
0.1154
0.1535
0.1166
0.1042
0.1176
0.1189
0.1067
0.1175
0.1053
0.1137
0.1031
0.1086
0.1249
0.1117
0.1181
0.1122
0.8078
0.7392
0.7708
0.7369
0.7591
0.7364
0.7892
0.7223
0.6826
0.6004
0.6988
0.8077
0.6691
0.7278
0.7393
0.7366
0.7491
0.7435
0.741
0.7416
0.7658
0.7274
0.7834
0.758
0.7508
0.6963
0.754
0.603
0.5423
0.7888
0.7456
0.6811
0.7529
0.7746
0.7614
0.7457
0.7256
0.7836
0.7411
0.7538
0.6488
0.7825
0.7301
0.7543
0.7482
0.8312
0.7803
0.7617
0.7506
0.7435
0.7584
0.7245
0.7361
0.7872
0.6912
0.7573
0.768
0.7325
0.7712
0.8261
0.0961
0.115
0.0897
0.17
0.127
0.1611
0.1389
0.1111
0.0851
0.2661
0.0632
0.1715
0.1178
0.1763
0.0513
0.1591
0.159
0.1063
0.1156
0.1131
0.208
0.1534
0.12
0.1722
0.1622
0.0941
0.1637
0.0952
0.1621
0.058
0.1406
0.0879
0.1441
0.0984
0.1174
0.1631
0.1483
0.0729
0.156
0.1276
0.1989
0.1643
0.2637
0.1541
0.1444
0.2021
0.0819
0.1654
0.1215
0.2199
0.0996
0.1567
0.1591
0.0979
0.1675
0.1076
0.1033
0.1037
0.1063
0.0742
0.8697
0.7192
0.6949
0.8137
0.8004
0.507
0.8042
0.7578
0.4601
0.8131
0.4834
0.8026
0.5804
0.7219
0.507
0.8069
0.8196
0.7167
0.8231
0.6009
0.7036
0.7634
0.7048
0.7189
0.593
0.7044
0.7706
0.6775
0.5975
0.6002
0.6303
0.5284
0.7718
0.8059
0.7976
0.7899
0.7316
0.7783
0.7565
0.7573
0.8072
0.605
0.7511
0.6213
0.6604
0.602
0.7487
0.6623
0.7263
0.8265
0.6173
0.8069
0.7597
0.5428
0.6549
0.6271
0.4496
0.5697
0.7344
0.4542
0.2139
0.2088
0.234
0.2158
0.2105
0.206
0.2191
0.2035
0.1606
0.1961
0.1673
0.2118
0.2058
0.2301
0.1757
0.2211
0.2005
0.2077
0.2134
0.218
0.1745
0.2192
0.1703
0.2268
0.1926
0.1598
0.2013
0.1752
0.1804
0.2358
0.2127
0.1916
0.195
0.2113
0.2176
0.2192
0.2106
0.2026
0.1944
0.2086
0.2127
0.2174
0.1948
0.2029
0.1842
0.2368
0.1908
0.1973
0.1964
0.2275
0.1939
0.2133
0.198
0.2094
0.1982
0.1996
0.1986
0.1875
0.2205
0.2005
0.0297
0.0372
0.0342
0.0359
0.0244
0.0287
0.0262
0.0294
0.0338
0.0322
0.0258
0.0325
0.0253
0.0356
0.0257
0.0354
0.0314
0.0304
0.0369
0.0279
0.0298
0.0309
0.0302
0.0357
0.0317
0.0285
0.0327
0.0269
0.032
0.0291
0.0271
0.0281
0.0275
0.0257
0.026
0.0343
0.0286
0.03
0.0269
0.0345
0.0573
0.0317
0.0311
0.0269
0.0317
0.0792
0.0281
0.0311
0.0369
0.0327
0.0335
0.0318
0.0618
0.0355
0.0286
0.0306
0.0344
0.0254
0.0331
0.0297
0.0457
0.0537
0.0441
0.0653
0.0567
0.0439
0.0499
0.0445
0.0453
0.0462
0.0421
0.0488
0.0412
0.062
0.0377
0.0491
0.0405
0.0432
0.0483
0.0457
0.0364
0.0391
0.0447
0.0486
0.0464
0.0499
0.0537
0.0453
0.0464
0.04
0.0471
0.0462
0.0408
0.0325
0.0415
0.0415
0.0431
0.0437
0.0427
0.057
0.0509
0.0441
0.0419
0.0444
0.0496
0.0856
0.0481
0.0454
0.061
0.0494
0.0488
0.05
0.034
0.0503
0.0434
0.0476
0.0613
0.0436
0.0446
0.043
0.2251
0.2367
0.2145
0.2536
0.2363
0.2375
0.241
0.2357
0.1877
0.2234
0.2131
0.2213
0.2358
0.2715
0.202
0.2638
0.2435
0.2356
0.2417
0.2299
0.2042
0.2299
0.2209
0.2336
0.2213
0.2196
0.2256
0.193
0.2017
0.2218
0.2348
0.2014
0.223
0.2386
0.2417
0.25
0.2403
0.2123
0.2103
0.2414
0.2442
0.2265
0.2356
0.2322
0.2339
0.2816
0.2283
0.2283
0.2295
0.2355
0.2359
0.2411
0.2105
0.2265
0.2383
0.2369
0.225
0.2034
0.2163
0.2279
0.057
0.1354
0.286
0.1151
0.0707
0.0953
0.0893
0.1945
0.0632
0.0779
0.0806
0.1559
0.1566
0.1007
0.1633
0.1111
0.0822
0.1538
0.0802
0.1939
0.062
0.1513
0.0648
0.1387
0.071
0.0683
0.071
0.0892
0.0986
0.1945
0.0729
0.1002
0.0688
0.0837
0.1062
0.1213
0.0856
0.1007
0.0917
0.0787
0.0723
0.0997
0.0792
0.1193
0.0731
0.1452
0.0731
0.0954
0.0787
0.1023
0.1067
0.0874
0.0625
0.1561
0.0726
0.0742
0.2395
0.1335
0.1562
0.0644
0.0388
0.0414
0.0363
0.0391
0.035
0.0295
0.0367
0.027
0.0309
0.0376
0.0291
0.031
0.0265
0.0349
0.0257
0.0325
0.0297
0.0294
0.0363
0.0288
0.0273
0.0285
0.0321
0.0323
0.0306
0.0319
0.0284
0.0283
0.0354
0.0317
0.0345
0.0301
0.0303
0.0301
0.0304
0.0284
0.0385
0.0321
0.0291
0.037
0.033
0.0333
0.0269
0.0289
0.0327
0.0728
0.0309
0.0294
0.0378
0.0362
0.0312
0.0327
0.0269
0.0354
0.0292
0.0319
0.0395
0.0313
0.0357
0.0334
0.0384
0.0386
0.0506
0.0576
0.038
0.0395
0.0483
0.0385
0.0443
0.0521
0.0491
0.0294
0.0357
0.0542
0.0314
0.05
0.0331
0.0425
0.0491
0.0373
0.03
0.0376
0.0353
0.0487
0.0425
0.0382
0.0386
0.0394
0.047
0.0319
0.0482
0.0352
0.039
0.0407
0.0434
0.0521
0.0408
0.0424
0.0357
0.0528
0.0435
0.0474
0.033
0.0375
0.042
0.1046
0.0369
0.0412
0.0506
0.0463
0.0392
0.0457
0.0395
0.0344
0.0422
0.1311
0.0498
0.0366
0.0494
0.0388
0.119
0.1785
0.1961
0.1869
0.1735
0.1722
0.1473
0.1591
0.1267
0.1697
0.1274
0.1138
0.2197
0.2057
0.133
0.1819
0.1791
0.1677
0.1802
0.1737
0.1094
0.1945
0.2049
0.2083
0.1414
0.1558
0.1324
0.1788
0.1516
0.1508
0.1525
0.1168
0.1543
0.1555
0.1692
0.1783
0.1579
0.1241
0.1329
0.1694
0.1658
0.1351
0.2087
0.1869
0.1789
0.2532
0.2378
0.1473
0.1554
0.1452
0.172
0.1876
0.1338
0.1438
0.1444
0.1404
0.2354
0.1313
0.2239
0.1223
0.2261
0.2183
0.2694
0.2525
0.2664
0.2434
0.2332
0.2468
0.2697
0.2613
0.2642
0.2374
0.2473
0.2649
0.2654
0.2509
0.2506
0.2608
0.2713
0.2672
0.2194
0.2249
0.2424
0.2666
0.2377
0.2662
0.2278
0.1943
0.2495
0.2666
0.2361
0.2481
0.2719
0.2195
0.2612
0.2442
0.2597
0.2509
0.2291
0.2567
0.2854
0.26
0.2572
0.2485
0.253
0.2885
0.2436
0.2524
0.2555
0.2493
0.2528
0.2406
0.2261
0.2482
0.2589
0.2322
0.2741
0.2619
0.2659
0.2624
0.0325
0.0469
0.0354
0.0454
0.037
0.0319
0.0434
0.0314
0.0348
0.0399
0.0306
0.0328
0.0338
0.044
0.0306
0.0367
0.0334
0.035
0.0381
0.0329
0.0307
0.0323
0.0328
0.0373
0.0433
0.0492
0.0359
0.0361
0.0344
0.0323
0.0358
0.0332
0.0376
0.0336
0.0333
0.0345
0.0302
0.0355
0.0308
0.0452
0.0359
0.0358
0.0316
0.0298
0.0379
0.0721
0.0435
0.031
0.0386
0.0398
0.0373
0.0383
0.0306
0.0365
0.0332
0.0362
0.0443
0.0362
0.04
0.0369
0.4187
0.4061
0.4357
0.4547
0.4152
0.4278
0.4131
0.4315
0.4267
0.422
0.426
0.4189
0.4144
0.4426
0.4152
0.4269
0.4189
0.4236
0.4426
0.4119
0.3961
0.4178
0.4129
0.4393
0.4323
0.4211
0.4245
0.4055
0.4207
0.4276
0.4232
0.4211
0.4124
0.4059
0.4174
0.4288
0.4248
0.432
0.3672
0.4422
0.4306
0.4439
0.4252
0.4289
0.4346
0.4601
0.4065
0.4285
0.4476
0.4232
0.4085
0.4294
0.4239
0.4422
0.4264
0.4266
0.4465
0.4271
0.433
0.4231
0.0129
0.0182
0.0122
0.0144
0.0134
0.0184
0.0201
0.0105
0.0148
0.0101
0.0094
0.0147
0.0191
0.0155
0.0109
0.0148
0.0134
0.0122
0.0156
0.0118
0.0132
0.0125
0.0159
0.0168
0.0138
0.0126
0.0091
0.011
0.0132
0.0124
0.012
0.015
0.0131
0.0095
0.013
0.0111
0.0112
0.0111
0.0117
0.0148
0.0123
0.0141
0.014
0.0145
0.0105
0.015
0.0189
0.0164
0.0148
0.0141
0.0123
0.0174
0.0169
0.0172
0.0098
0.0151
0.0148
0.0144
0.0131
0.0163
0.1432
0.1334
0.1689
0.17
0.1533
0.2153
0.1637
0.1597
0.1128
0.1417
0.156
0.1511
0.1751
0.1586
0.1428
0.1618
0.1464
0.1707
0.1485
0.1454
0.1256
0.1465
0.1334
0.1784
0.1692
0.1795
0.1529
0.1507
0.1394
0.1406
0.1587
0.1331
0.1646
0.1654
0.1631
0.1625
0.1542
0.1388
0.1622
0.1564
0.147
0.1502
0.1625
0.1559
0.1408
0.1928
0.1539
0.15
0.148
0.1499
0.1419
0.1462
0.1515
0.1416
0.1507
0.1389
0.1597
0.1451
0.1474
0.1452
0.4766
0.3705
0.5431
0.3275
0.3902
0.2539
0.2864
0.3839
0.5055
0.4774
0.7052
0.3625
0.3973
0.3084
0.4967
0.3138
0.3622
0.5323
0.4958
0.4078
0.3354
0.339
0.5933
0.5427
0.449
0.4789
0.373
0.2991
0.3806
0.7227
0.3755
0.3852
0.6891
0.2879
0.4592
0.4946
0.3766
0.2735
0.3275
0.4477
0.4879
0.3358
0.6033
0.4142
0.4402
0.4677
0.4481
0.3984
0.4112
0.3037
0.4412
0.3729
0.4194
0.4811
0.4215
0.3358
0.5864
0.4464
0.481
0.5286
0.1161
0.1228
0.1125
0.1189
0.1214
0.115
0.1208
0.1092
0.1142
0.1211
0.1541
0.1209
0.1122
0.1141
0.1161
0.1198
0.1094
0.1275
0.1123
0.1129
0.113
0.1101
0.1154
0.1183
0.1261
0.1158
0.1468
0.1205
0.1161
0.1119
0.1191
0.1097
0.1304
0.1221
0.1289
0.1449
0.1169
0.1271
0.112
0.1183
0.1126
0.1154
0.11
0.1077
0.1158
0.1687
0.137
0.1122
0.1149
0.114
0.1122
0.1103
0.1131
0.1114
0.1444
0.117
0.1148
0.1095
0.11
0.1058
0.1864
0.3535
0.4472
0.3614
0.3301
0.3656
0.3805
0.3461
0.1547
0.3455
0.4248
0.1934
0.3231
0.3808
0.397
0.3843
0.4301
0.3759
0.5026
0.4489
0.3556
0.3655
0.2543
0.3706
0.3189
0.2473
0.4203
0.2154
0.256
0.4996
0.3942
0.3347
0.2813
0.4782
0.3779
0.4762
0.3998
0.4168
0.3583
0.3919
0.3466
0.4136
0.4525
0.3583
0.3438
0.4896
0.4563
0.403
0.4705
0.3853
0.4482
0.3861
0.2845
0.3874
0.3423
0.3716
0.3765
0.3832
0.4016
0.2178
0.2778
0.288
0.349
0.3988
0.3997
0.433
0.3974
0.4117
0.3384
0.3989
0.2931
0.3408
0.3212
0.4261
0.2426
0.4129
0.3852
0.2952
0.3534
0.3504
0.1639
0.3859
0.3261
0.3436
0.29
0.2759
0.3715
0.2841
0.375
0.3056
0.3611
0.2995
0.4011
0.3079
0.3032
0.3475
0.3732
0.2964
0.3128
0.3322
0.3814
0.3541
0.3085
0.3442
0.3501
0.4627
0.3567
0.306
0.428
0.4173
0.3275
0.3983
0.3536
0.3007
0.358
0.263
0.3148
0.3012
0.3311
0.3112
0.1329
0.2712
0.2739
0.2185
0.2015
0.3251
0.2135
0.2811
0.1681
0.1829
0.3888
0.1298
0.2088
0.3116
0.183
0.2284
0.2197
0.3051
0.2767
0.2351
0.1527
0.1538
0.5741
0.3909
0.3066
0.2077
0.2021
0.2045
0.1732
0.4098
0.2612
0.2685
0.3437
0.1647
0.3362
0.3039
0.2291
0.1482
0.2398
0.4326
0.2721
0.2182
0.4509
0.2855
0.3133
0.3214
0.2665
0.313
0.2423
0.2574
0.2457
0.2505
0.1882
0.3851
0.2727
0.281
0.3473
0.34
0.2506
0.4808
0.3547
0.2976
0.3407
0.2794
0.2661
0.3719
0.3051
0.2617
0.2588
0.2711
0.4142
0.2822
0.3042
0.29
0.2181
0.2817
0.2733
0.2661
0.2906
0.303
0.266
0.279
0.4539
0.4283
0.2469
0.2458
0.2976
0.2142
0.2104
0.342
0.2801
0.2028
0.4066
0.2807
0.3565
0.3399
0.2855
0.2815
0.2676
0.3139
0.307
0.2936
0.4104
0.3007
0.2953
0.3747
0.2856
0.2812
0.2639
0.288
0.2827
0.2977
0.2744
0.3006
0.2241
0.2559
0.3481
0.2787
0.2929
0.2971
0.0603
0.0417
0.0466
0.0537
0.0366
0.0391
0.0445
0.0351
0.0366
0.0734
0.0432
0.0339
0.035
0.0503
0.0611
0.0427
0.0382
0.0383
0.047
0.0384
0.0311
0.0396
0.0411
0.0506
0.0378
0.0399
0.0423
0.0383
0.0415
0.0322
0.0437
0.0366
0.0331
0.0304
0.0362
0.0378
0.0382
0.0348
0.0354
0.0543
0.0468
0.041
0.0333
0.0421
0.041
0.0888
0.0415
0.0378
0.05
0.0441
0.042
0.045
0.0349
0.0425
0.0365
0.0397
0.0561
0.034
0.0479
0.0369
0.1799
0.1576
0.2041
0.1875
0.1594
0.1643
0.169
0.1727
0.1565
0.18
0.1513
0.161
0.171
0.186
0.1483
0.1742
0.169
0.1623
0.1795
0.1677
0.1709
0.1755
0.1795
0.182
0.1663
0.1694
0.1467
0.1593
0.1695
0.1647
0.1666
0.1645
0.1583
0.1583
0.1565
0.1605
0.1626
0.1462
0.1733
0.1843
0.1787
0.1735
0.1701
0.1754
0.1765
0.2175
0.1722
0.176
0.1828
0.1803
0.1744
0.1819
0.1686
0.1575
0.1613
0.153
0.1811
0.1761
0.1801
0.1763
0.2114
0.1556
0.249
0.42
0.2186
0.2046
0.4578
0.2147
0.1341
0.1419
0.1161
0.2545
0.2362
0.3862
0.0982
0.4635
0.4174
0.219
0.223
0.2356
0.0585
0.343
0.2549
0.3332
0.1235
0.1938
0.202
0.1297
0.2099
0.2025
0.3429
0.1587
0.116
0.2563
0.1763
0.3141
0.3639
0.1995
0.2477
0.258
0.33
0.2078
0.211
0.2539
0.3126
0.4747
0.189
0.2063
0.2346
0.333
0.2808
0.295
0.2202
0.1683
0.2602
0.2739
0.1733
0.1047
0.1545
0.1537
0.1771
0.2255
0.2673
0.2033
0.2769
0.2195
0.2795
0.1698
0.1944
0.2577
0.2025
0.2469
0.2079
0.2205
0.195
0.2278
0.2763
0.2577
0.3554
0.2565
0.1728
0.1986
0.2373
0.2273
0.214
0.2123
0.2412
0.1551
0.1894
0.2172
0.2515
0.1483
0.1825
0.215
0.2604
0.2365
0.2193
0.1708
0.1817
0.1922
0.2477
0.2143
0.1981
0.1886
0.1799
0.28
0.2009
0.2372
0.227
0.267
0.1876
0.2687
0.2006
0.1791
0.2594
0.1798
0.2529
0.1904
0.2429
0.2579
0.2546
0.2589
0.2608
0.2581
0.2558
0.2543
0.2584
0.25
0.2566
0.2615
0.2551
0.2589
0.2481
0.2575
0.2496
0.2493
0.2487
0.2547
0.2541
0.2543
0.2484
0.2474
0.2575
0.2576
0.2563
0.2651
0.2565
0.2577
0.2609
0.2606
0.2578
0.2546
0.2573
0.2531
0.2573
0.2627
0.2572
0.2568
0.2524
0.2614
0.255
0.2585
0.2597
0.2486
0.2531
0.2956
0.2635
0.2507
0.2597
0.2545
0.2489
0.2526
0.2494
0.2604
0.2556
0.2592
0.2625
0.2554
0.2534
0.2615
0.1026
0.2155
0.0911
0.2015
0.2382
0.3201
0.1906
0.2304
0.0793
0.1256
0.0746
0.0878
0.2299
0.2071
0.0851
0.2062
0.1272
0.274
0.1362
0.1406
0.0777
0.1506
0.2626
0.2524
0.0938
0.1843
0.1267
0.1641
0.1169
0.2383
0.2774
0.1294
0.2786
0.2098
0.2267
0.1954
0.1984
0.0969
0.1777
0.1629
0.2157
0.1554
0.1804
0.162
0.1101
0.2609
0.1897
0.1922
0.1352
0.1642
0.1506
0.1982
0.1369
0.0983
0.1275
0.184
0.2715
0.1437
0.2453
0.1164
0.0576
0.068
0.0616
0.0706
0.0675
0.0479
0.0588
0.0471
0.0541
0.066
0.0616
0.0623
0.0503
0.0608
0.0433
0.0609
0.0563
0.0658
0.0557
0.0633
0.05
0.0478
0.0572
0.0596
0.062
0.0521
0.0731
0.0638
0.0579
0.0624
0.0605
0.0523
0.0638
0.0683
0.0571
0.0668
0.0622
0.0571
0.0478
0.1042
0.0623
0.0618
0.0525
0.0452
0.0546
0.1161
0.0599
0.0488
0.061
0.0655
0.0486
0.0625
0.0449
0.062
0.0689
0.0543
0.0719
0.0493
0.0576
0.0581
0.6296
0.6215
0.6403
0.6099
0.6168
0.6264
0.6031
0.623
0.6187
0.5747
0.6354
0.6236
0.6193
0.6118
0.5996
0.6038
0.606
0.6311
0.6208
0.6274
0.5867
0.6081
0.6335
0.6303
0.6392
0.6236
0.6333
0.6334
0.5997
0.6395
0.6308
0.6247
0.6366
0.6305
0.628
0.638
0.6075
0.6313
0.6158
0.6231
0.6178
0.6219
0.6336
0.6171
0.6169
0.6457
0.6279
0.6207
0.6232
0.606
0.6515
0.6036
0.6221
0.6361
0.6167
0.6244
0.6348
0.6321
0.6243
0.6142
0.0804
0.2688
0.299
0.2205
0.2221
0.2741
0.2243
0.2115
0.2554
0.1681
0.2284
0.0997
0.1755
0.2856
0.2677
0.2525
0.2474
0.218
0.2443
0.2613
0.0448
0.1921
0.2858
0.2562
0.2554
0.21
0.099
0.1975
0.2176
0.325
0.2268
0.2516
0.2937
0.2117
0.2657
0.2608
0.2376
0.2599
0.1659
0.1577
0.2021
0.2151
0.2482
0.1814
0.2293
0.2792
0.2444
0.1925
0.2508
0.2194
0.2137
0.2459
0.1777
0.2268
0.2685
0.1971
0.257
0.2581
0.2459
0.2064
0.0383
0.045
0.0421
0.0578
0.0373
0.0687
0.0489
0.0392
0.0387
0.0513
0.0445
0.0344
0.0345
0.0588
0.0278
0.0441
0.0387
0.0373
0.0455
0.0346
0.0303
0.0432
0.0413
0.0479
0.0456
0.0419
0.0412
0.0374
0.045
0.0341
0.0429
0.0395
0.039
0.0334
0.0378
0.0398
0.0364
0.0371
0.0329
0.0513
0.058
0.0405
0.0497
0.0326
0.0423
0.0785
0.0434
0.0377
0.0457
0.0546
0.0461
0.0505
0.0308
0.0435
0.0449
0.0526
0.0494
0.0364
0.0643
0.0394
0.0611
0.2183
0.2101
0.1802
0.1784
0.3039
0.1397
0.1093
0.091
0.0934
0.2665
0.08
0.1798
0.2061
0.1645
0.147
0.1345
0.1695
0.1298
0.1814
0.0337
0.1026
0.2543
0.2214
0.069
0.1994
0.0653
0.174
0.1441
0.186
0.1589
0.2
0.3606
0.0619
0.1555
0.1651
0.1247
0.1712
0.1397
0.1738
0.1989
0.174
0.1895
0.1774
0.1482
0.1843
0.1938
0.1324
0.1832
0.1391
0.1894
0.1576
0.1753
0.1071
0.1405
0.0952
0.2061
0.1124
0.0913
0.1431
0.1983
0.4012
0.4351
0.3569
0.284
0.465
0.3884
0.3908
0.1799
0.176
0.6126
0.1769
0.2863
0.3769
0.4191
0.3975
0.4401
0.3983
0.3906
0.4615
0.4664
0.4292
0.2664
0.3826
0.4278
0.2556
0.4689
0.4431
0.2383
0.5285
0.4155
0.3259
0.4075
0.4145
0.422
0.4682
0.3863
0.454
0.3751
0.396
0.3537
0.3625
0.4688
0.3665
0.3436
0.4522
0.3894
0.4087
0.4735
0.3782
0.469
0.38
0.299
0.4595
0.3898
0.4253
0.3928
0.4207
0.3853
0.2398
0.4381
0.4281
0.4605
0.4391
0.4113
0.4045
0.4133
0.4145
0.4188
0.4052
0.4592
0.4462
0.4163
0.4322
0.4224
0.4143
0.3824
0.4312
0.4418
0.4222
0.3702
0.4359
0.4382
0.5222
0.4537
0.4049
0.4155
0.4416
0.4236
0.4528
0.4214
0.4267
0.4999
0.415
0.4192
0.4336
0.4265
0.4289
0.4077
0.4408
0.4365
0.4375
0.4346
0.4127
0.4261
0.487
0.4283
0.3943
0.4288
0.418
0.4277
0.3876
0.4127
0.4548
0.405
0.3893
0.4484
0.4343
0.4324
0.4339
0.0447
0.077
0.0942
0.0754
0.0659
0.1025
0.0651
0.0454
0.0422
0.0515
0.0353
0.0538
0.0745
0.0902
0.0408
0.0598
0.0471
0.0474
0.0491
0.0615
0.0393
0.0387
0.1507
0.0511
0.0428
0.0739
0.0514
0.0344
0.0593
0.0635
0.0476
0.0429
0.1202
0.078
0.0329
0.0689
0.0416
0.0519
0.0431
0.1502
0.1402
0.0504
0.0527
0.0408
0.0624
0.0947
0.0917
0.0515
0.0605
0.0745
0.0505
0.0772
0.0688
0.0516
0.0407
0.0471
0.0912
0.0435
0.0684
0.0957
0.0378
0.0914
0.1
0.0714
0.0798
0.1189
0.064
0.089
0.092
0.0917
0.0857
0.0838
0.0773
0.0873
0.0814
0.0707
0.0712
0.081
0.092
0.0831
0.0862
0.0336
0.0884
0.0886
0.0889
0.0853
0.0724
0.0827
0.0846
0.0858
0.07
0.0816
0.0913
0.0776
0.0821
0.0881
0.0637
0.0816
0.0793
0.0959
0.0656
0.0774
0.0853
0.0816
0.0797
0.0906
0.0896
0.0823
0.0896
0.0753
0.0752
0.0585
0.0784
0.0908
0.0777
0.0561
0.0984
0.0848
0.0896
0.0889
0.3336
0.3373
0.3458
0.3576
0.3536
0.3471
0.3521
0.3272
0.3304
0.3332
0.3172
0.3424
0.3495
0.3568
0.2938
0.3783
0.3577
0.3526
0.4055
0.3716
0.2821
0.4
0.333
0.3988
0.3521
0.3168
0.3436
0.3223
0.3285
0.3153
0.3659
0.3247
0.3778
0.3463
0.3491
0.3751
0.3518
0.3037
0.327
0.3427
0.3931
0.3314
0.3597
0.3336
0.3461
0.4429
0.3348
0.3419
0.3759
0.3572
0.3305
0.3661
0.3389
0.3256
0.3428
0.3631
0.3478
0.314
0.3376
0.3452
0.2449
0.2511
0.2653
0.2551
0.2483
0.2414
0.257
0.2418
0.248
0.2163
0.2672
0.2134
0.2387
0.2525
0.2466
0.2435
0.243
0.2411
0.2569
0.2425
0.1876
0.2459
0.2507
0.2545
0.2614
0.2595
0.2467
0.2626
0.2483
0.235
0.2573
0.241
0.2507
0.2513
0.2505
0.2585
0.2471
0.2553
0.2302
0.2571
0.2501
0.2493
0.2426
0.2414
0.2475
0.2973
0.2498
0.2293
0.2475
0.245
0.2408
0.2486
0.2382
0.2607
0.2443
0.23
0.2591
0.2529
0.2401
0.2351
0.0836
0.1589
0.1595
0.1279
0.1388
0.1606
0.1139
0.127
0.127
0.183
0.1284
0.1058
0.1121
0.1413
0.1002
0.1261
0.1179
0.1308
0.1404
0.1147
0.0992
0.1161
0.1627
0.1681
0.1314
0.1386
0.1241
0.1334
0.1423
0.1779
0.1271
0.1186
0.1687
0.1129
0.1592
0.1348
0.1224
0.1643
0.0925
0.1459
0.1372
0.1444
0.1374
0.1027
0.122
0.2483
0.1796
0.1211
0.1573
0.1159
0.1149
0.1187
0.1075
0.1193
0.137
0.115
0.131
0.122
0.1343
0.1584
0.3371
0.4077
0.5484
0.4061
0.3874
0.5382
0.3739
0.4209
0.2701
0.3183
0.4536
0.1973
0.3827
0.4075
0.3402
0.4682
0.3471
0.4875
0.362
0.4554
0.2694
0.3527
0.3534
0.4995
0.5064
0.3358
0.2794
0.4109
0.2643
0.4973
0.3747
0.3588
0.5535
0.5001
0.518
0.4694
0.4096
0.4004
0.4262
0.4295
0.4261
0.4162
0.4162
0.3968
0.3948
0.4157
0.3656
0.4405
0.3912
0.2564
0.3829
0.3701
0.3712
0.4022
0.4068
0.5135
0.5028
0.3927
0.3605
0.3213
0.5529
0.3609
0.6437
0.3705
0.2559
0.2696
0.4569
0.427
0.451
0.507
0.5306
0.4784
0.3419
0.421
0.3862
0.3604
0.4076
0.4475
0.4645
0.388
0.4908
0.3899
0.4878
0.6176
0.423
0.4099
0.5368
0.2402
0.4618
0.5227
0.3504
0.4048
0.4008
0.2498
0.5017
0.4182
0.4168
0.3092
0.2926
0.5159
0.3598
0.3231
0.5073
0.4773
0.4513
0.4628
0.3552
0.3279
0.3439
0.3931
0.4157
0.4373
0.3264
0.525
0.4352
0.2695
0.4818
0.3807
0.4478
0.7148
