0.0279
0.0236
0.027
0.0298
0.0272
0.3311
0.0975
0.4308
0.1237
0.0576
0.2906
0.2864
0.3006
0.2962
0.2946
0.146
0.163
0.1723
0.1542
0.1636
0.0451
0.0521
0.0593
0.0493
0.0595
0.1408
0.1846
0.2225
0.1214
0.1876
0.1258
0.1416
0.1688
0.1254
0.1197
0.4241
0.3214
0.1929
0.3515
0.3669
0.6583
0.6636
0.6628
0.6617
0.682
0.1826
0.2027
0.2289
0.1831
0.1826
0.1771
0.1749
0.1792
0.1805
0.1747
0.4626
0.4167
0.5386
0.3702
0.4615
0.2777
0.3183
0.3351
0.2172
0.3559
0.1557
0.1672
0.1959
0.0978
0.1771
0.3918
0.4037
0.3687
0.4193
0.3674
0.1219
0.13
0.1349
0.0945
0.1393
0.1796
0.1649
0.1305
0.1901
0.1788
0.2014
0.176
0.1788
0.188
0.0929
0.123
0.1172
0.1975
0.0745
0.1393
0.1181
0.0984
0.1193
0.1115
0.1386
0.2783
0.262
0.274
0.2866
0.2672
0.0416
0.039
0.0616
0.0478
0.0511
0.2736
0.1913
0.2443
0.2332
0.2383
0.0924
0.1153
0.1383
0.0701
0.0981
0.1616
0.1412
0.152
0.1433
0.1586
0.0928
0.0967
0.1087
0.095
0.0976
0.7094
0.7715
0.7262
0.698
0.675
0.1237
0.1084
0.1279
0.2408
0.1223
0.7583
0.5426
0.7654
0.6538
0.6971
0.2018
0.196
0.1953
0.2028
0.1965
0.03
0.0251
0.0331
0.0293
0.0329
0.0401
0.0418
0.0393
0.0802
0.042
0.2243
0.2171
0.2146
0.2328
0.217
0.1228
0.1704
0.0796
0.1
0.0709
0.0304
0.0266
0.0307
0.0291
0.0293
0.0415
0.0426
0.0412
0.0481
0.0345
0.1553
0.1469
0.1781
0.1922
0.1646
0.2597
0.2424
0.2262
0.2453
0.2586
0.0302
0.0282
0.0457
0.0336
0.0313
0.418
0.429
0.4154
0.4214
0.4267
0.0174
0.015
0.0092
0.0179
0.0146
0.1453
0.1506
0.1416
0.1281
0.1367
0.4298
0.4398
0.5711
0.6721
0.3198
0.1077
0.1138
0.1417
0.109
0.1086
0.4421
0.3373
0.4768
0.3923
0.3588
0.3214
0.3147
0.3664
0.341
0.3522
0.4169
0.2549
0.2774
0.2266
0.253
0.2941
0.2733
0.2854
0.3016
0.2449
0.04
0.0313
0.0359
0.0812
0.0339
0.1702
0.1589
0.1458
0.1745
0.1674
0.2103
0.2415
0.1744
0.3439
0.21
0.2796
0.2211
0.2213
0.195
0.1839
0.2501
0.2477
0.2524
0.2553
0.2554
0.2525
0.2482
0.1454
0.1962
0.2165
0.0519
0.0455
0.0743
0.0476
0.0508
0.615
0.6276
0.6339
0.5702
0.6243
0.2323
0.1686
0.2848
0.2049
0.264
0.0404
0.0355
0.0472
0.0456
0.0372
0.1645
0.1963
0.2151
0.2676
0.1827
0.4426
0.3641
0.4062
0.341
0.3934
0.411
0.4094
0.3812
0.4124
0.4049
0.0603
0.0541
0.0478
0.0768
0.042
0.0733
0.0825
0.098
0.0899
0.0851
0.3406
0.3281
0.3213
0.3656
0.3438
0.2281
0.241
0.2424
0.2363
0.2443
0.1268
0.1067
0.1575
0.1252
0.1063
0.5123
0.3953
0.3967
0.4513
0.4552
0.4098
0.3051
0.493
0.4665
0.2552
