0.0291
0.0294
0.0301
0.0278
0.0328
0.0345
0.4896
0.0739
0.3938
0.2573
0.3426
0.1939
0.2825
0.2923
0.2952
0.2902
0.296
0.2923
0.1773
0.1593
0.1616
0.1652
0.1546
0.1694
0.1121
0.0711
0.0631
0.0469
0.0538
0.0661
0.2296
0.1176
0.1508
0.1354
0.1623
0.1835
0.1726
0.1332
0.1387
0.1313
0.1302
0.1528
0.1057
0.3166
0.369
0.3298
0.4324
0.3943
0.657
0.6616
0.6642
0.662
0.6481
0.6785
0.2364
0.1086
0.2056
0.1862
0.1699
0.2221
0.184
0.1782
0.1858
0.1808
0.1838
0.1885
0.6459
0.3694
0.4209
0.4429
0.4962
0.4949
0.2632
0.362
0.3055
0.3727
0.2807
0.3331
0.1583
0.0797
0.1333
0.1485
0.1394
0.1539
0.4258
0.2533
0.4379
0.3268
0.3791
0.3648
0.1337
0.0985
0.1599
0.1307
0.1338
0.145
0.1283
0.2529
0.1734
0.1726
0.2451
0.1579
0.1157
0.1317
0.179
0.0724
0.1662
0.2011
0.0406
0.0826
0.1502
0.1343
0.1148
0.1629
0.081
0.1089
0.1135
0.128
0.1187
0.1275
0.2532
0.2933
0.2542
0.2777
0.2956
0.2838
0.0892
0.0697
0.0564
0.0418
0.0627
0.0387
0.2442
0.3832
0.2223
0.3812
0.3109
0.2799
0.1522
0.1003
0.1098
0.087
0.0972
0.1358
0.1295
0.1882
0.1811
0.1699
0.1827
0.1502
0.0951
0.0917
0.1191
0.105
0.1006
0.1154
0.7781
0.7034
0.7287
0.7423
0.7595
0.7768
0.3289
0.1842
0.1098
0.1045
0.1667
0.1424
0.643
0.78
0.6192
0.4775
0.6463
0.7565
0.1649
0.2068
0.2187
0.2125
0.2176
0.2059
0.0478
0.0364
0.0343
0.024
0.0308
0.0286
0.0764
0.0326
0.052
0.0399
0.0469
0.0478
0.2204
0.2512
0.246
0.2405
0.228
0.2274
0.0694
0.0616
0.1763
0.2354
0.1133
0.0637
0.0301
0.0261
0.0345
0.0291
0.0285
0.0311
0.0755
0.0434
0.0444
0.0378
0.0531
0.0355
0.1765
0.1525
0.149
0.1343
0.1741
0.1599
0.2353
0.2095
0.277
0.2525
0.2654
0.2366
0.0535
0.0356
0.0361
0.032
0.0327
0.0401
0.3494
0.3944
0.4439
0.4327
0.422
0.4277
0.0107
0.013
0.0121
0.0141
0.0248
0.0135
0.1292
0.1434
0.1476
0.1331
0.1571
0.1618
0.7145
0.2804
0.3559
0.5241
0.3761
0.5982
0.1206
0.1349
0.1103
0.1083
0.1104
0.145
0.0386
0.3667
0.3921
0.3594
0.4493
0.4113
0.4307
0.3945
0.3229
0.3053
0.3633
0.3013
0.6046
0.137
0.2746
0.253
0.2968
0.3372
0.4966
0.2493
0.2846
0.2858
0.3059
0.3436
0.0434
0.0405
0.0454
0.0379
0.0441
0.0402
0.1508
0.1442
0.1846
0.1714
0.1737
0.1474
0.0967
0.3671
0.2037
0.3477
0.2968
0.2336
0.2415
0.2428
0.2274
0.2328
0.2825
0.2198
0.263
0.2545
0.263
0.2509
0.2542
0.2548
0.0395
0.1061
0.1933
0.1748
0.2153
0.2615
0.0825
0.0752
0.06
0.0515
0.047
0.0612
0.6215
0.5931
0.633
0.6226
0.6039
0.639
0.2135
0.1938
0.1811
0.2376
0.2332
0.2058
0.0509
0.0374
0.0411
0.0383
0.0449
0.0379
0.1284
0.1118
0.2004
0.0983
0.1823
0.2265
0.0729
0.376
0.3864
0.3711
0.4408
0.4369
0.3752
0.4115
0.4381
0.4278
0.4143
0.4422
0.0547
0.0452
0.0774
0.0442
0.0525
0.0973
0.092
0.0341
0.0904
0.079
0.0822
0.0881
0.3805
0.3509
0.3365
0.3892
0.3559
0.341
0.2426
0.236
0.2457
0.2491
0.2386
0.2615
0.1403
0.1224
0.1212
0.1036
0.1159
0.1241
0.3344
0.3231
0.4814
0.4679
0.4912
0.4427
0.7195
0.4467
0.4447
0.4501
0.418
0.5147
