0.0517
0.0452
0.0442
0.0428
0.0654
0.1242
0.0963
0.3794
0.4177
0.3091
0.3104
0.3017
0.2963
0.2972
0.2951
0.1897
0.1745
0.1838
0.1493
0.1929
0.0935
0.0762
0.0807
0.0921
0.094
0.1167
0.2264
0.1583
0.1618
0.1389
0.1434
0.1465
0.1481
0.1507
0.1516
0.3877
0.2004
0.4069
0.422
0.2945
0.6045
0.6091
0.6515
0.6564
0.5908
0.1791
0.1647
0.1857
0.1402
0.1796
0.2036
0.1952
0.2103
0.1942
0.2115
0.3486
0.4301
0.3845
0.3815
0.4794
0.348
0.3336
0.3826
0.3245
0.3271
0.1338
0.0956
0.0996
0.1297
0.1301
0.3397
0.2912
0.2965
0.3339
0.2884
0.1516
0.1558
0.1491
0.1435
0.1518
0.2029
0.1809
0.2423
0.1911
0.2349
0.1638
0.1861
0.2135
0.0896
0.2278
0.0864
0.1274
0.1571
0.1808
0.0931
0.1372
0.1655
0.1366
0.1425
0.1403
0.2737
0.2568
0.287
0.2629
0.2912
0.0744
0.074
0.0747
0.0793
0.085
0.4185
0.4343
0.4265
0.4599
0.4019
0.1109
0.144
0.1332
0.1341
0.1543
0.1861
0.185
0.2406
0.2262
0.237
0.1227
0.1316
0.1121
0.1234
0.1372
0.7658
0.7275
0.7415
0.7131
0.6418
0.2947
0.2968
0.3979
0.3571
0.5363
0.6101
0.4147
0.6612
0.4837
0.4927
0.2276
0.2392
0.2314
0.2307
0.2267
0.059
0.0495
0.0497
0.0503
0.0653
0.0719
0.0662
0.0682
0.0575
0.0856
0.2444
0.2324
0.2472
0.2444
0.2417
0.1173
0.0863
0.1105
0.0844
0.1129
0.0581
0.0537
0.0555
0.055
0.0708
0.0664
0.0534
0.065
0.0647
0.0767
0.1553
0.1558
0.1593
0.1649
0.1853
0.2559
0.2789
0.2741
0.244
0.2646
0.0574
0.0563
0.0536
0.0589
0.0703
0.4198
0.4114
0.4143
0.3819
0.4197
0.038
0.0248
0.034
0.0153
0.0396
0.187
0.1648
0.1573
0.1615
0.1776
0.2574
0.3621
0.4893
0.5191
0.3654
0.1224
0.1204
0.1157
0.1344
0.1312
0.3852
0.2382
0.457
0.4749
0.3605
0.3321
0.4044
0.4135
0.3192
0.3277
0.182
0.1707
0.1617
0.1297
0.1752
0.2612
0.2649
0.2715
0.2743
0.2818
0.0653
0.06
0.0599
0.0512
0.0787
0.1785
0.1846
0.1777
0.1545
0.1986
0.2144
0.1861
0.1768
0.2591
0.2657
0.2326
0.2352
0.128
0.1494
0.195
0.2631
0.2547
0.2572
0.2595
0.2801
0.1448
0.1005
0.1341
0.1108
0.1515
0.0758
0.0687
0.0772
0.0647
0.0927
0.6045
0.6015
0.6085
0.618
0.5998
0.2862
0.2982
0.2814
0.2967
0.2543
0.0638
0.058
0.0583
0.062
0.0791
0.1734
0.2235
0.2216
0.1042
0.1374
0.3814
0.2537
0.4397
0.482
0.4045
0.435
0.4052
0.4211
0.4212
0.4399
0.0699
0.0642
0.0727
0.0641
0.0867
0.1163
0.1013
0.0999
0.0937
0.1176
0.406
0.33
0.3726
0.4163
0.3648
0.2569
0.2399
0.2583
0.261
0.2726
0.141
0.173
0.1546
0.1688
0.1632
0.4908
0.3698
0.393
0.3784
0.3934
0.3396
0.3651
0.4803
0.5509
0.3294
