0.0516
0.0505
0.0423
0.0793
0.0408
0.0413
0.061
0.0498
0.0467
0.0453
0.0411
0.0572
0.0497
0.0713
0.0415
0.0398
0.0632
0.0507
0.0554
0.0576
0.0516
0.0386
0.0456
0.0488
0.0534
0.0412
0.0487
0.0567
0.0503
0.0644
0.0476
0.0594
0.0589
0.0599
0.051
0.0503
0.065
0.0554
0.058
0.0559
0.0432
0.0553
0.0748
0.0653
0.0511
0.0452
0.0403
0.0604
0.0438
0.1276
0.3962
0.3461
0.2194
0.2249
0.0922
0.436
0.0938
0.0877
0.3699
0.4814
0.1998
0.1008
0.1476
0.2935
0.2796
0.3323
0.1047
0.3281
0.399
0.246
0.2776
0.4069
0.2656
0.3959
0.421
0.1574
0.2179
0.1054
0.3421
0.4148
0.1121
0.1975
0.3558
0.3341
0.0886
0.2953
0.0953
0.1126
0.3076
0.3718
0.3493
0.2188
0.1063
0.0939
0.1363
0.0802
0.1163
0.345
0.3025
0.2921
0.2906
0.3137
0.2894
0.3025
0.3119
0.2841
0.2901
0.3187
0.3131
0.312
0.309
0.3157
0.2944
0.2933
0.2921
0.2979
0.2902
0.3036
0.2974
0.288
0.2867
0.3008
0.2993
0.3018
0.2963
0.3087
0.3084
0.3089
0.3078
0.3216
0.3065
0.3014
0.303
0.3004
0.2777
0.3053
0.2827
0.3158
0.2808
0.3027
0.3136
0.3083
0.3032
0.302
0.2808
0.3095
0.2985
0.179
0.16
0.187
0.1685
0.1647
0.1765
0.2004
0.1666
0.1841
0.1854
0.1829
0.1975
0.1818
0.1904
0.1778
0.1612
0.1842
0.1945
0.1812
0.185
0.1859
0.1628
0.1852
0.1813
0.1987
0.1701
0.1763
0.1851
0.1914
0.1898
0.183
0.1896
0.1956
0.1904
0.1235
0.1832
0.1848
0.186
0.1831
0.1933
0.17
0.1867
0.197
0.192
0.1771
0.1932
0.1488
0.1945
0.1757
0.0931
0.0854
0.0887
0.0975
0.0624
0.0903
0.1076
0.0869
0.0897
0.0875
0.095
0.111
0.0918
0.1278
0.0811
0.0899
0.0997
0.0854
0.0913
0.1056
0.0863
0.0702
0.0865
0.0949
0.1069
0.082
0.0815
0.09
0.0872
0.0962
0.0879
0.0924
0.115
0.1255
0.0771
0.1089
0.0872
0.0821
0.0719
0.1181
0.0715
0.1038
0.1141
0.1185
0.0835
0.0869
0.0654
0.1049
0.0697
0.116
0.1586
0.123
0.1918
0.1222
0.111
0.1609
0.177
0.1577
0.1785
0.109
0.1249
0.164
0.1703
0.1236
0.1712
0.1702
0.1232
0.177
0.1523
0.1001
0.1326
0.155
0.2046
0.2457
0.121
0.1432
0.1103
0.1157
0.1277
0.1303
0.1415
0.1602
0.1684
0.1201
0.1758
0.1197
0.1897
0.121
0.1606
0.105
0.1914
0.1661
0.1428
0.1797
0.126
0.1292
0.1417
0.133
0.1474
0.1459
0.136
0.1615
0.1305
0.1443
0.153
0.1467
0.1453
0.1587
0.1609
0.1952
0.1398
0.1832
0.1353
0.133
0.1533
0.1597
0.1724
0.1615
0.1429
0.1387
0.1474
0.1522
0.1576
0.1474
0.1413
0.1534
0.157
0.1486
0.1482
0.155
0.159
0.1481
0.1433
0.1489
0.1472
0.1681
0.1482
0.1555
0.1347
0.2169
0.1579
0.1516
0.1391
0.1541
0.1377
0.1575
0.1449
0.2643
0.062
0.298
0.0806
0.0413
0.061
0.0937
0.3039
0.3579
0.0713
0.0791
0.097
0.3787
0.4088
0.067
0.0592
0.3293
0.0782
0.0609
0.0925
0.2414
0.315
0.3649
0.073
0.2845
0.0749
0.3555
0.0777
0.3829
0.284
0.0674
0.0772
0.3951
0.3078
0.2278
0.0847
0.0805
0.0772
0.0743
0.0991
0.3356
0.1045
0.4685
0.0883
0.059
0.4116
0.0597
0.0979
0.065
0.5995
0.6217
0.6123
0.5971
0.6252
0.6456
0.528
0.5984
0.5962
0.6401
0.619
0.6468
0.6323
0.5885
0.6344
0.6505
0.602
0.6246
0.6206
0.6326
0.6371
0.5911
0.6228
0.6465
0.6325
0.5913
0.6094
0.5792
0.635
0.6129
0.623
0.6511
0.6111
0.6325
0.5364
0.6297
0.6469
0.6338
0.5734
0.644
0.6106
0.6304
0.6373
0.6183
0.6469
0.5842
0.6041
0.6135
0.6504
0.1152
0.1753
0.1414
0.1666
0.1298
0.1865
0.2096
0.1243
0.1452
0.1884
0.2015
0.2021
0.1446
0.1913
0.1721
0.1363
0.1617
0.1845
0.1276
0.186
0.165
0.1442
0.1883
0.1801
0.1886
0.189
0.1304
0.1874
0.1953
0.1818
0.1955
0.2048
0.1809
0.1078
0.0979
0.2098
0.2043
0.181
0.183
0.186
0.1538
0.1818
0.1566
0.1352
0.1987
0.174
0.1559
0.1733
0.1613
0.195
0.1934
0.1933
0.2157
0.1849
0.1951
0.205
0.1972
0.202
0.1999
0.2106
0.2065
0.1976
0.2223
0.1959
0.1926
0.2049
0.2014
0.2003
0.2055
0.1953
0.1899
0.1972
0.2018
0.2043
0.1941
0.1984
0.202
0.2057
0.2105
0.2027
0.1983
0.2071
0.2032
0.1894
0.2092
0.2174
0.2079
0.1994
0.203
0.1966
0.2169
0.2054
0.2034
0.1926
0.1955
0.188
0.1993
0.1939
0.3528
0.3929
0.4655
0.3312
0.3054
0.321
0.2645
0.4194
0.4016
0.3683
0.3557
0.3913
0.4695
0.3856
0.4697
0.3437
0.4079
0.5178
0.4611
0.3864
0.3905
0.3218
0.376
0.3434
0.3976
0.3643
0.4527
0.3381
0.2981
0.3531
0.3397
0.3338
0.3445
0.418
0.458
0.3606
0.3541
0.3721
0.343
0.3598
0.3698
0.3702
0.5115
0.3506
0.3225
0.4244
0.319
0.4789
0.2705
0.3312
0.3317
0.3168
0.3905
0.3501
0.3891
0.222
0.3854
0.3308
0.3439
0.398
0.2751
0.3687
0.3137
0.2795
0.341
0.3462
0.3228
0.4203
0.4145
0.2717
0.2942
0.2593
0.2796
0.4132
0.3252
0.3405
0.3124
0.207
0.3903
0.3074
0.2809
0.3509
0.349
0.2236
0.2882
0.3646
0.3739
0.298
0.4048
0.3036
0.4012
0.4235
0.3227
0.2582
0.308
0.2302
0.3713
0.4133
0.1103
0.0991
0.0996
0.1375
0.1086
0.0893
0.1173
0.1358
0.1116
0.1007
0.116
0.1029
0.1071
0.159
0.105
0.1105
0.144
0.09
0.1146
0.1058
0.1052
0.1104
0.1338
0.0996
0.1549
0.1371
0.1219
0.1394
0.0948
0.1267
0.1481
0.0978
0.1347
0.1129
0.1053
0.0992
0.154
0.1488
0.1073
0.1259
0.0908
0.1102
0.1363
0.1255
0.0742
0.1506
0.1032
0.1578
0.0913
0.2835
0.3426
0.2298
0.3124
0.2523
0.3471
0.289
0.2588
0.2779
0.3522
0.3171
0.3203
0.2813
0.3751
0.2704
0.2922
0.3095
0.3015
0.2913
0.2662
0.2454
0.264
0.327
0.2989
0.3202
0.3236
0.2786
0.3397
0.2664
0.2822
0.351
0.3148
0.3912
0.2452
0.1945
0.3022
0.3007
0.2883
0.3319
0.3306
0.2927
0.2647
0.3061
0.2718
0.2829
0.3701
0.2879
0.3447
0.3029
0.1504
0.153
0.0764
0.1729
0.1478
0.1525
0.1628
0.1572
0.1494
0.1518
0.151
0.1653
0.156
0.1757
0.1436
0.1494
0.2046
0.1585
0.1587
0.1629
0.1602
0.1381
0.1504
0.1561
0.1637
0.1613
0.1557
0.1567
0.1737
0.1576
0.1639
0.1762
0.1441
0.167
0.1632
0.1567
0.1667
0.1598
0.1603
0.1531
0.149
0.164
0.1601
0.162
0.1549
0.1741
0.1462
0.1634
0.1598
0.2146
0.1849
0.3018
0.2715
0.2609
0.173
0.1733
0.2474
0.2623
0.1995
0.2053
0.1948
0.2414
0.2206
0.215
0.2554
0.2366
0.1942
0.2527
0.2278
0.2576
0.1855
0.1962
0.2501
0.2339
0.2061
0.2863
0.1952
0.2079
0.2337
0.2165
0.1859
0.2117
0.2866
0.209
0.1763
0.1752
0.2469
0.1897
0.2346
0.1933
0.2309
0.3523
0.2924
0.1407
0.2292
0.2353
0.2443
0.2034
0.1649
0.1664
0.1601
0.2158
0.1519
0.184
0.1418
0.1311
0.1457
0.1861
0.1451
0.2132
0.1501
0.197
0.2189
0.2038
0.1887
0.179
0.2327
0.1787
0.1964
0.1387
0.1311
0.1627
0.1597
0.1261
0.1665
0.1572
0.1769
0.1716
0.1216
0.2504
0.1663
0.1969
0.1454
0.2955
0.2116
0.1456
0.2349
0.2445
0.1093
0.2273
0.1887
0.1746
0.167
0.1931
0.1403
0.1907
0.1221
0.087
0.0715
0.1382
0.1193
0.1261
0.1159
0.0782
0.2048
0.1189
0.142
0.0918
0.1416
0.0888
0.13
0.1401
0.1858
0.0984
0.1363
0.1415
0.2085
0.0848
0.0818
0.067
0.1367
0.1742
0.139
0.1071
0.0828
0.1212
0.1089
0.0766
0.0711
0.1228
0.1532
0.0898
0.0744
0.2157
0.1737
0.2274
0.0926
0.0658
0.0855
0.1492
0.1086
0.0606
0.1292
0.1376
0.0933
0.1689
0.1352
0.1471
0.1205
0.1432
0.118
0.1315
0.1583
0.1283
0.1403
0.1505
0.1418
0.1633
0.1325
0.1757
0.1438
0.1282
0.1427
0.1531
0.1501
0.1457
0.1201
0.1257
0.1374
0.1475
0.1456
0.1254
0.1282
0.1327
0.1468
0.1504
0.1492
0.1437
0.153
0.1541
0.1165
0.1503
0.1377
0.1488
0.1457
0.1405
0.1302
0.1512
0.1465
0.1409
0.1438
0.1439
0.1249
0.1527
0.1633
0.2621
0.2644
0.2612
0.3147
0.2841
0.237
0.2495
0.3212
0.2794
0.2757
0.2657
0.2566
0.2886
0.2997
0.2737
0.3202
0.2852
0.2516
0.2963
0.2597
0.2673
0.2455
0.2518
0.3081
0.3022
0.2535
0.2974
0.2741
0.2477
0.2827
0.2504
0.2475
0.2725
0.2994
0.2667
0.2617
0.2927
0.3022
0.2737
0.2959
0.2481
0.2943
0.3069
0.2995
0.299
0.2787
0.2425
0.3001
0.2796
0.0845
0.0747
0.08
0.1042
0.0798
0.069
0.0759
0.0977
0.0809
0.086
0.0773
0.0787
0.0776
0.1023
0.0724
0.0865
0.0937
0.0793
0.0895
0.0909
0.0771
0.0671
0.0957
0.1074
0.1055
0.0825
0.0821
0.0751
0.0891
0.0832
0.0903
0.0717
0.088
0.092
0.0753
0.0758
0.0725
0.0847
0.0789
0.0907
0.0584
0.0946
0.1034
0.099
0.0622
0.0728
0.0776
0.0969
0.0754
0.4172
0.3869
0.3726
0.4189
0.389
0.4226
0.4224
0.4278
0.4055
0.4248
0.4428
0.4294
0.4133
0.4302
0.4185
0.3927
0.4138
0.429
0.4138
0.4262
0.3962
0.3753
0.4167
0.4004
0.4144
0.3783
0.3942
0.3898
0.3164
0.4138
0.3996
0.4469
0.4284
0.4119
0.4118
0.4304
0.4544
0.4213
0.4391
0.4268
0.3515
0.4171
0.4177
0.3926
0.425
0.4153
0.3406
0.4067
0.4324
0.1201
0.1305
0.1141
0.2023
0.1187
0.0914
0.131
0.1301
0.1462
0.1061
0.1322
0.1729
0.1074
0.1675
0.1234
0.1424
0.1585
0.1315
0.1401
0.1505
0.1059
0.1144
0.1157
0.1518
0.1667
0.1162
0.1137
0.1263
0.1647
0.1219
0.1495
0.1788
0.1323
0.1486
0.1147
0.1242
0.123
0.134
0.1668
0.131
0.1272
0.1182
0.1398
0.151
0.1026
0.154
0.1194
0.15
0.1503
0.221
0.2365
0.2378
0.2362
0.1953
0.2434
0.2394
0.2244
0.2103
0.1896
0.1968
0.2621
0.1954
0.2223
0.205
0.2159
0.2083
0.184
0.2656
0.201
0.2447
0.1884
0.1903
0.2347
0.2314
0.2569
0.1881
0.2212
0.1897
0.2277
0.1912
0.2518
0.2023
0.2248
0.1817
0.2501
0.1978
0.2034
0.2485
0.2123
0.2346
0.2399
0.2248
0.2198
0.1788
0.2032
0.1827
0.2431
0.2156
0.1194
0.1322
0.1132
0.1423
0.1034
0.11
0.1345
0.115
0.1202
0.1201
0.1344
0.1242
0.1128
0.1717
0.1128
0.1082
0.126
0.1372
0.105
0.1199
0.1194
0.1243
0.1243
0.1229
0.1283
0.1073
0.1082
0.1277
0.1339
0.1254
0.1163
0.1452
0.1436
0.1263
0.124
0.126
0.1283
0.1208
0.1273
0.1298
0.1192
0.1438
0.1148
0.1198
0.1109
0.1166
0.1095
0.1245
0.121
0.7513
0.6675
0.6732
0.7568
0.746
0.7943
0.743
0.6627
0.7061
0.7669
0.6685
0.7309
0.7329
0.7388
0.7484
0.7575
0.7082
0.6777
0.7662
0.5556
0.6633
0.6219
0.7317
0.7112
0.6678
0.7664
0.6954
0.7462
0.5446
0.6869
0.4208
0.7978
0.6858
0.7164
0.6665
0.7613
0.7728
0.7402
0.7886
0.7626
0.7091
0.7668
0.7075
0.7392
0.7689
0.7106
0.7506
0.764
0.7764
0.3386
0.2473
0.3659
0.346
0.2673
0.6094
0.212
0.4176
0.2996
0.3367
0.2579
0.2049
0.4089
0.2341
0.2152
0.4256
0.4216
0.5327
0.3862
0.4031
0.5028
0.2393
0.2087
0.3298
0.5698
0.1644
0.2831
0.437
0.1917
0.222
0.1901
0.4045
0.2221
0.427
0.549
0.5682
0.5006
0.2656
0.5492
0.3238
0.2008
0.4829
0.4193
0.2223
0.5193
0.3628
0.2175
0.3639
0.4534
0.6673
0.4097
0.5549
0.5689
0.6149
0.6398
0.7598
0.6317
0.6758
0.7556
0.4995
0.3992
0.7539
0.5971
0.7338
0.6422
0.672
0.3186
0.6213
0.4602
0.489
0.707
0.3349
0.7194
0.4956
0.4835
0.695
0.5279
0.7458
0.6172
0.4832
0.3872
0.5486
0.7383
0.537
0.7195
0.7077
0.4527
0.778
0.5467
0.5041
0.4838
0.7183
0.5977
0.3481
0.6819
0.5568
0.5994
0.6043
0.219
0.1903
0.1999
0.2299
0.2123
0.2154
0.1996
0.2308
0.216
0.2268
0.2192
0.2087
0.2711
0.2444
0.2083
0.2199
0.2314
0.2101
0.2362
0.2054
0.2192
0.2136
0.2238
0.2197
0.2364
0.1821
0.222
0.1945
0.2028
0.2382
0.2036
0.252
0.2238
0.216
0.1748
0.2329
0.2346
0.2107
0.2222
0.2114
0.2304
0.2373
0.2384
0.2101
0.2448
0.2271
0.2084
0.2063
0.2111
0.0489
0.0544
0.0514
0.0669
0.0366
0.0467
0.0657
0.0525
0.0478
0.0555
0.0621
0.0706
0.1373
0.0951
0.0497
0.0496
0.0546
0.0551
0.0555
0.0665
0.0518
0.0462
0.0535
0.0558
0.0647
0.0596
0.0456
0.0544
0.0571
0.0607
0.0536
0.0574
0.0644
0.0546
0.0526
0.06
0.0475
0.0589
0.0556
0.0743
0.0443
0.0644
0.0693
0.0746
0.0502
0.0541
0.0417
0.0742
0.0437
0.0713
0.0658
0.0651
0.0918
0.066
0.0687
0.0834
0.0624
0.0687
0.0729
0.083
0.0746
0.0664
0.0975
0.0698
0.0586
0.0727
0.0776
0.07
0.0733
0.0686
0.0618
0.0651
0.0742
0.0815
0.0729
0.0621
0.0785
0.0811
0.0823
0.0708
0.0845
0.082
0.0701
0.0711
0.0729
0.0674
0.0735
0.0733
0.0767
0.0608
0.0822
0.0839
0.0792
0.0678
0.0742
0.0668
0.085
0.0613
0.2349
0.2326
0.2294
0.2596
0.2347
0.2224
0.2298
0.2362
0.2523
0.2484
0.2551
0.2493
0.2491
0.252
0.2343
0.2547
0.246
0.2172
0.2422
0.2553
0.2155
0.2182
0.2372
0.2482
0.2422
0.2195
0.247
0.2501
0.2259
0.2473
0.2204
0.2419
0.2457
0.2298
0.2376
0.2353
0.2276
0.2589
0.2516
0.2593
0.229
0.2426
0.2521
0.2568
0.2129
0.2423
0.216
0.2531
0.2356
0.0957
0.1674
0.1194
0.1219
0.0817
0.0887
0.1245
0.1077
0.1124
0.1237
0.1005
0.1301
0.1002
0.1316
0.0893
0.0935
0.1105
0.1027
0.0993
0.1064
0.089
0.0913
0.0892
0.1183
0.1137
0.1758
0.0983
0.0942
0.1106
0.1064
0.1038
0.1299
0.1095
0.0967
0.0878
0.1185
0.1087
0.1365
0.0926
0.0979
0.1203
0.134
0.1157
0.1012
0.1113
0.1015
0.0866
0.1133
0.1271
0.0618
0.0615
0.0545
0.0963
0.0414
0.0566
0.0724
0.0562
0.0563
0.0669
0.0651
0.0692
0.0548
0.0869
0.0477
0.0509
0.0682
0.0628
0.0561
0.0633
0.0529
0.0496
0.0594
0.0588
0.0661
0.054
0.0502
0.0612
0.0649
0.0657
0.0589
0.0671
0.0748
0.0648
0.0575
0.0551
0.0546
0.0609
0.0612
0.0646
0.0451
0.0675
0.0629
0.072
0.0507
0.0543
0.0425
0.0693
0.051
0.0594
0.0514
0.0633
0.0822
0.0492
0.0635
0.0724
0.0602
0.0502
0.05
0.0533
0.0668
0.0563
0.0872
0.0571
0.0625
0.0697
0.064
0.0617
0.0799
0.0582
0.046
0.0558
0.0488
0.0692
0.0589
0.0539
0.0777
0.0639
0.0694
0.0543
0.0511
0.0772
0.0808
0.0533
0.0531
0.0637
0.0632
0.0547
0.078
0.0489
0.0736
0.075
0.0771
0.0519
0.0603
0.0464
0.0746
0.0559
0.173
0.1383
0.1606
0.2174
0.1699
0.1662
0.1697
0.1826
0.1669
0.1478
0.1598
0.1559
0.1708
0.1954
0.1657
0.1945
0.1557
0.1538
0.1793
0.1517
0.1565
0.1496
0.1493
0.2022
0.2142
0.1557
0.1781
0.1724
0.1559
0.186
0.1581
0.15
0.1652
0.1818
0.1568
0.1516
0.1633
0.1833
0.156
0.1608
0.1466
0.1672
0.1949
0.1975
0.1463
0.1655
0.1717
0.1841
0.1603
0.2713
0.2712
0.2578
0.2607
0.2452
0.2576
0.2678
0.2659
0.2506
0.2804
0.2742
0.2975
0.2452
0.2717
0.2776
0.2656
0.2605
0.2544
0.2777
0.3351
0.253
0.2513
0.2795
0.2762
0.2719
0.2774
0.2406
0.2727
0.2697
0.2674
0.2661
0.28
0.2527
0.2705
0.2727
0.2604
0.2876
0.2588
0.2707
0.2851
0.2506
0.2647
0.2686
0.2521
0.2665
0.2656
0.2337
0.2814
0.2557
0.0551
0.0538
0.0511
0.0789
0.0414
0.0487
0.0699
0.0465
0.0526
0.0499
0.0648
0.0566
0.0525
0.0839
0.0533
0.0505
0.0654
0.0636
0.0495
0.0594
0.0496
0.0403
0.0532
0.0506
0.0634
0.0564
0.0548
0.0616
0.0603
0.0616
0.0496
0.0666
0.0728
0.0583
0.0562
0.0589
0.0525
0.0599
0.0573
0.0622
0.0418
0.0644
0.0595
0.0587
0.0511
0.0556
0.0426
0.0575
0.0456
0.4312
0.4284
0.4241
0.4244
0.4344
0.417
0.3986
0.4221
0.3842
0.3927
0.4175
0.4238
0.4265
0.4059
0.3265
0.4112
0.4136
0.392
0.413
0.414
0.42
0.419
0.3889
0.3491
0.3718
0.4102
0.4182
0.4223
0.4409
0.4161
0.271
0.4241
0.3888
0.4081
0.3968
0.4271
0.4357
0.4202
0.4141
0.4206
0.4366
0.4171
0.4239
0.4097
0.4093
0.4174
0.4361
0.4153
0.4305
0.0215
0.0386
0.0312
0.0319
0.0207
0.0245
0.0318
0.0151
0.026
0.0239
0.0461
0.0328
0.028
0.0527
0.0324
0.0295
0.033
0.025
0.0169
0.0343
0.0327
0.0193
0.027
0.0228
0.0277
0.0234
0.0273
0.0565
0.0253
0.0323
0.0311
0.0412
0.0441
0.0224
0.0177
0.0363
0.0188
0.0396
0.0288
0.0307
0.0173
0.0384
0.0353
0.0213
0.0186
0.0304
0.0241
0.0271
0.0249
0.1801
0.1607
0.1445
0.1667
0.1512
0.1587
0.1833
0.1663
0.164
0.2188
0.1514
0.1579
0.1699
0.2046
0.1614
0.1646
0.1737
0.1599
0.1675
0.1643
0.154
0.1758
0.1517
0.1629
0.1577
0.1478
0.1631
0.1646
0.1665
0.182
0.1693
0.1752
0.1703
0.1648
0.1425
0.1708
0.1645
0.1715
0.1719
0.171
0.1546
0.1984
0.1952
0.1741
0.2655
0.1645
0.1637
0.1855
0.1769
0.3715
0.2357
0.3038
0.4576
0.3096
0.4911
0.3696
0.3903
0.3575
0.4492
0.3419
0.3904
0.4091
0.3261
0.3127
0.3867
0.4045
0.3619
0.3747
0.3996
0.5036
0.3154
0.3971
0.2436
0.3923
0.2081
0.2887
0.3408
0.3361
0.34
0.274
0.3967
0.3057
0.5577
0.5359
0.4885
0.4895
0.2949
0.5185
0.4018
0.447
0.4973
0.3858
0.332
0.4344
0.3767
0.4009
0.3118
0.4157
0.1146
0.1163
0.1131
0.152
0.1132
0.1179
0.1323
0.1145
0.1197
0.1194
0.1254
0.1406
0.114
0.1592
0.117
0.1103
0.125
0.1308
0.121
0.134
0.1219
0.1153
0.1258
0.1205
0.1412
0.1213
0.1141
0.1302
0.1373
0.1275
0.1303
0.1309
0.1326
0.1351
0.1197
0.1186
0.1235
0.1235
0.122
0.1296
0.1136
0.1409
0.1415
0.1362
0.115
0.1197
0.1117
0.1354
0.1123
0.3337
0.0597
0.3441
0.0833
0.0442
0.0613
0.071
0.3271
0.4218
0.0595
0.0794
0.0798
0.3567
0.3951
0.0553
0.0576
0.3582
0.0761
0.0689
0.0765
0.2862
0.3648
0.4294
0.0715
0.3365
0.0591
0.3873
0.0624
0.3696
0.2838
0.0653
0.0727
0.3864
0.3583
0.2678
0.0689
0.0605
0.0668
0.0586
0.0791
0.3665
0.0848
0.4643
0.0708
0.058
0.3958
0.0528
0.0917
0.0626
0.3794
0.3663
0.3601
0.398
0.3822
0.3247
0.3434
0.3744
0.3907
0.3849
0.3681
0.3958
0.4016
0.3738
0.3986
0.4071
0.4042
0.3387
0.39
0.4267
0.3426
0.3418
0.3291
0.4143
0.4037
0.3961
0.3928
0.3734
0.3593
0.3508
0.4108
0.4183
0.3759
0.3952
0.3509
0.4115
0.3409
0.355
0.3602
0.3349
0.3657
0.3972
0.3943
0.3538
0.3503
0.3977
0.3384
0.3974
0.2932
0.1832
0.1641
0.1527
0.2047
0.1568
0.1764
0.1792
0.1591
0.2001
0.1722
0.1647
0.2187
0.1734
0.2078
0.2992
0.1861
0.2119
0.1815
0.1875
0.1762
0.1774
0.1668
0.1699
0.2287
0.2368
0.1744
0.1949
0.1748
0.1605
0.1778
0.1938
0.1926
0.1995
0.1465
0.1618
0.1698
0.1955
0.2156
0.153
0.1967
0.1401
0.1898
0.2078
0.1718
0.13
0.1814
0.1716
0.237
0.1533
0.2904
0.2379
0.2672
0.2978
0.2762
0.2799
0.2542
0.2824
0.2683
0.2725
0.2496
0.3021
0.2759
0.2895
0.283
0.2773
0.2719
0.2527
0.2759
0.2135
0.3039
0.264
0.261
0.2886
0.2843
0.2504
0.2656
0.271
0.29
0.2835
0.2646
0.2756
0.2765
0.2831
0.253
0.295
0.3145
0.2772
0.283
0.2745
0.2705
0.3026
0.2834
0.2841
0.2803
0.2573
0.2644
0.2758
0.2953
0.064
0.061
0.0584
0.0866
0.0514
0.0578
0.0695
0.0632
0.0629
0.0633
0.069
0.0686
0.0631
0.0887
0.0592
0.0628
0.0714
0.0668
0.0653
0.0834
0.0629
0.0553
0.0601
0.0642
0.0782
0.0633
0.0634
0.0685
0.0673
0.0718
0.0621
0.0691
0.0755
0.0688
0.0648
0.0683
0.0609
0.0661
0.0678
0.0757
0.0527
0.0733
0.0748
0.0725
0.055
0.0625
0.0568
0.0719
0.0648
0.1823
0.1825
0.1776
0.179
0.1751
0.1702
0.1968
0.192
0.1862
0.1746
0.1841
0.1926
0.182
0.2006
0.181
0.1756
0.1793
0.1812
0.1873
0.1905
0.1864
0.1769
0.1807
0.1911
0.185
0.1868
0.185
0.1878
0.1975
0.1915
0.1779
0.185
0.1751
0.1976
0.1827
0.1891
0.1783
0.1971
0.1861
0.1954
0.1854
0.1944
0.1987
0.1969
0.1855
0.1826
0.1807
0.1936
0.1792
0.2481
0.1822
0.2476
0.3649
0.2821
0.1859
0.2245
0.2918
0.326
0.2055
0.1708
0.1642
0.2827
0.3089
0.2477
0.3331
0.3193
0.1987
0.3542
0.1852
0.2308
0.2411
0.1622
0.4058
0.2959
0.252
0.3746
0.254
0.2407
0.2771
0.3112
0.2019
0.2841
0.2936
0.2034
0.2072
0.1727
0.264
0.1913
0.2514
0.1967
0.2387
0.3272
0.3318
0.1712
0.268
0.2424
0.3165
0.199
0.2142
0.2603
0.1975
0.2022
0.1644
0.1742
0.1321
0.1829
0.19
0.2408
0.3099
0.3023
0.2248
0.2511
0.2738
0.2041
0.2032
0.1943
0.1668
0.1681
0.2508
0.1328
0.1558
0.233
0.274
0.2913
0.1871
0.2601
0.2357
0.2071
0.2754
0.1687
0.2818
0.1821
0.1117
0.0926
0.129
0.2569
0.1844
0.2174
0.106
0.1673
0.2341
0.2205
0.1028
0.2677
0.1462
0.2721
0.2639
0.2649
0.2562
0.2632
0.2753
0.2493
0.2652
0.2657
0.2587
0.266
0.2696
0.2776
0.2657
0.2624
0.2804
0.2567
0.2528
0.2589
0.2578
0.2606
0.2805
0.2584
0.2532
0.2731
0.2677
0.263
0.2607
0.2551
0.2548
0.2703
0.2634
0.2563
0.2754
0.2631
0.2705
0.257
0.264
0.2596
0.2678
0.2721
0.2715
0.256
0.263
0.275
0.273
0.2569
0.2629
0.2554
0.2732
0.2549
0.1493
0.1347
0.0969
0.1992
0.1335
0.1175
0.144
0.1432
0.1523
0.1512
0.1378
0.1331
0.1647
0.2001
0.1239
0.1689
0.1394
0.0921
0.1446
0.1606
0.1121
0.1668
0.106
0.1559
0.1731
0.114
0.1751
0.1675
0.1508
0.183
0.1325
0.0869
0.1553
0.1762
0.1442
0.1057
0.1158
0.1618
0.1159
0.1535
0.1108
0.1664
0.1636
0.1826
0.1132
0.116
0.1756
0.1318
0.1153
0.082
0.0667
0.0658
0.097
0.0581
0.0699
0.0898
0.0686
0.0722
0.0731
0.0855
0.0825
0.0768
0.1104
0.0662
0.0701
0.0917
0.0808
0.0765
0.0897
0.0719
0.0567
0.0813
0.0859
0.0835
0.074
0.0718
0.085
0.0841
0.0894
0.0786
0.0778
0.094
0.0691
0.0756
0.0804
0.0714
0.0786
0.08
0.0848
0.066
0.0915
0.0794
0.0892
0.0634
0.0737
0.0601
0.0821
0.0673
0.6001
0.6014
0.5913
0.5889
0.591
0.6051
0.6023
0.6052
0.5981
0.6064
0.6162
0.6114
0.5958
0.5986
0.6036
0.5954
0.5877
0.597
0.6046
0.6137
0.595
0.5941
0.6138
0.5943
0.5904
0.5801
0.5902
0.5856
0.5984
0.595
0.5956
0.6091
0.5911
0.594
0.592
0.6118
0.6177
0.6013
0.6195
0.606
0.6144
0.5976
0.599
0.5986
0.6049
0.5959
0.5954
0.5953
0.618
0.267
0.2624
0.2611
0.2601
0.2287
0.2422
0.2593
0.2444
0.2805
0.2942
0.2882
0.2839
0.2893
0.2993
0.2892
0.2648
0.264
0.2525
0.2783
0.2552
0.2637
0.2561
0.3166
0.2769
0.3127
0.2892
0.2501
0.2589
0.3169
0.277
0.2543
0.3219
0.287
0.2721
0.2418
0.2404
0.2942
0.2195
0.2585
0.3059
0.2587
0.296
0.2888
0.2394
0.2995
0.2911
0.2332
0.2529
0.2677
0.0598
0.0634
0.0572
0.0966
0.0504
0.0535
0.0709
0.0545
0.0608
0.0554
0.0794
0.0649
0.059
0.0924
0.0524
0.0579
0.0704
0.0646
0.0609
0.0752
0.0573
0.0476
0.0588
0.0624
0.0735
0.0614
0.0576
0.069
0.0704
0.0716
0.069
0.0668
0.0764
0.0697
0.0597
0.0579
0.0587
0.06
0.0586
0.0699
0.0539
0.0688
0.0728
0.0709
0.0546
0.0642
0.0527
0.0651
0.0655
0.1578
0.1495
0.1446
0.1672
0.1774
0.2156
0.1714
0.1507
0.1955
0.2124
0.0977
0.1231
0.2049
0.1828
0.1319
0.1643
0.3106
0.0966
0.2095
0.2172
0.1367
0.1606
0.0972
0.1873
0.1894
0.1258
0.1833
0.1895
0.0946
0.1755
0.1182
0.2821
0.1822
0.1929
0.25
0.5053
0.1027
0.1242
0.1242
0.1681
0.104
0.1803
0.2275
0.1668
0.0944
0.1331
0.1947
0.1475
0.1029
0.3505
0.068
0.3366
0.0943
0.0492
0.0743
0.0939
0.3451
0.4235
0.0721
0.0932
0.0995
0.3608
0.4025
0.0654
0.0665
0.3692
0.083
0.0766
0.0905
0.2979
0.3718
0.3409
0.0769
0.3512
0.0741
0.3921
0.0802
0.3337
0.3039
0.0793
0.0794
0.403
0.3705
0.2714
0.0704
0.0622
0.0777
0.0764
0.1013
0.3716
0.0947
0.4782
0.0919
0.0674
0.4223
0.0576
0.091
0.0601
0.4058
0.4293
0.3946
0.4316
0.4077
0.4293
0.4125
0.425
0.4409
0.4875
0.4253
0.4074
0.408
0.4394
0.437
0.4505
0.428
0.3832
0.4227
0.4237
0.3978
0.4049
0.4143
0.4312
0.4193
0.3811
0.4161
0.3836
0.3849
0.4218
0.41
0.4422
0.4079
0.4314
0.4082
0.4575
0.4059
0.457
0.3968
0.4106
0.4092
0.4143
0.4475
0.4294
0.5017
0.3805
0.3955
0.425
0.4382
0.0752
0.0784
0.0684
0.0952
0.0555
0.0685
0.0786
0.065
0.0725
0.064
0.0827
0.0821
0.0654
0.0977
0.0661
0.0657
0.0708
0.0719
0.0664
0.0743
0.0693
0.0611
0.0674
0.0692
0.17
0.0686
0.0669
0.0734
0.0802
0.0899
0.0765
0.0895
0.0872
0.0785
0.0638
0.0701
0.061
0.0753
0.0743
0.0813
0.0596
0.0769
0.0801
0.0804
0.059
0.0677
0.0603
0.0756
0.0626
0.0946
0.1039
0.1063
0.1058
0.0786
0.102
0.1179
0.0753
0.0922
0.0928
0.1037
0.1087
0.0914
0.1225
0.0816
0.0734
0.0953
0.1047
0.0717
0.1144
0.0929
0.092
0.1029
0.0946
0.1033
0.1078
0.0766
0.112
0.1103
0.1067
0.1066
0.1253
0.1041
0.0966
0.0948
0.1099
0.1035
0.1068
0.0972
0.1183
0.1
0.1064
0.1001
0.0864
0.0988
0.1253
0.0919
0.1059
0.1043
0.378
0.3422
0.3438
0.3912
0.376
0.3766
0.3524
0.3606
0.3689
0.3701
0.4047
0.408
0.3568
0.3814
0.3605
0.3758
0.3653
0.3491
0.3645
0.4033
0.3874
0.3528
0.3946
0.3975
0.3683
0.3415
0.3796
0.354
0.3861
0.389
0.3927
0.4201
0.3715
0.3656
0.3434
0.3493
0.3417
0.422
0.3585
0.357
0.3447
0.3488
0.38
0.4192
0.4263
0.3508
0.347
0.3583
0.3939
0.2619
0.2375
0.2426
0.2773
0.2467
0.2561
0.2651
0.2637
0.2592
0.2595
0.2733
0.2679
0.257
0.275
0.2513
0.2524
0.2623
0.2602
0.2595
0.2253
0.2537
0.2499
0.2545
0.2618
0.2632
0.2429
0.2524
0.2537
0.2618
0.2645
0.2431
0.2687
0.2633
0.2605
0.2669
0.2661
0.2587
0.2578
0.2643
0.2675
0.2597
0.2597
0.2633
0.2591
0.2551
0.2572
0.2491
0.267
0.2622
0.1447
0.154
0.1494
0.2037
0.1278
0.1105
0.1761
0.1703
0.1586
0.1444
0.1807
0.1949
0.1309
0.2062
0.1364
0.1427
0.1804
0.1761
0.165
0.192
0.1416
0.131
0.1813
0.174
0.1919
0.1337
0.1421
0.1742
0.178
0.1542
0.1476
0.164
0.1694
0.1499
0.1257
0.1447
0.1909
0.1688
0.1558
0.1686
0.1297
0.1559
0.1645
0.16
0.1381
0.1508
0.1417
0.1558
0.1555
0.3998
0.2589
0.3941
0.457
0.4193
0.3923
0.3194
0.424
0.4493
0.3857
0.3902
0.2808
0.4055
0.4739
0.3377
0.4365
0.3994
0.2558
0.3894
0.3437
0.3346
0.3898
0.485
0.4028
0.4883
0.3286
0.4124
0.4539
0.3819
0.3918
0.3245
0.3041
0.451
0.3837
0.3106
0.3807
0.4015
0.4914
0.4229
0.4857
0.3735
0.3068
0.4377
0.3789
0.5039
0.4387
0.3541
0.5064
0.452
0.431
0.2249
0.3889
0.4924
0.3978
0.5638
0.4137
0.463
0.4529
0.3899
0.4382
0.3831
0.4091
0.292
0.3672
0.5167
0.3755
0.6353
0.5114
0.2587
0.5864
0.2789
0.4475
0.3106
0.4774
0.2988
0.4185
0.4231
0.2662
0.3028
0.1861
0.2875
0.3066
0.4333
0.5801
0.5348
0.5548
0.489
0.5113
0.3522
0.4821
0.5678
0.4876
0.4332
0.3894
0.3989
0.3148
0.414
0.3751
