0.0275
0.0324
0.0321
0.0316
0.0308
0.0271
0.038
0.0341
0.0327
0.0299
0.0297
0.0281
0.0298
0.0384
0.0338
0.0279
0.0378
0.0255
0.0304
0.0295
0.0324
0.0295
0.0282
0.0308
0.0304
0.0349
0.0308
0.0309
0.0289
0.0321
0.0304
0.0369
0.0267
0.0267
0.0313
0.0329
0.0327
0.0364
0.033
0.0299
0.0294
0.1223
0.0326
0.0342
0.0341
0.171
0.0263
0.0282
0.0281
0.0353
0.2756
0.1653
0.2081
0.217
0.2931
0.2342
0.2084
0.239
0.151
0.2999
0.2563
0.2968
0.2642
0.1057
0.149
0.2651
0.1164
0.2675
0.1761
0.2631
0.1074
0.1778
0.2977
0.1634
0.3282
0.305
0.2918
0.1643
0.3055
0.2343
0.2962
0.1824
0.2988
0.1408
0.2394
0.1842
0.1609
0.1711
0.1974
0.3047
0.1575
0.3527
0.2955
0.1296
0.2589
0.1819
0.2021
0.1714
0.2185
0.2724
0.3019
0.2903
0.294
0.2918
0.2964
0.2907
0.2897
0.2946
0.2951
0.293
0.2928
0.2958
0.2976
0.2932
0.2921
0.293
0.2963
0.2934
0.2941
0.2908
0.2903
0.3203
0.302
0.2958
0.2917
0.301
0.2965
0.2968
0.2953
0.2903
0.2966
0.295
0.2925
0.2908
0.2982
0.2967
0.2955
0.2904
0.2921
0.2937
0.2919
0.3275
0.2961
0.2927
0.2972
0.2965
0.2926
0.2975
0.2946
0.2929
0.1688
0.1651
0.1625
0.1717
0.1663
0.1613
0.1618
0.1692
0.1613
0.1634
0.1625
0.1713
0.1715
0.1604
0.1652
0.1631
0.166
0.1676
0.1623
0.1697
0.1707
0.1773
0.172
0.1749
0.1608
0.1685
0.1764
0.1612
0.1637
0.131
0.1623
0.1655
0.1603
0.1609
0.1592
0.164
0.1629
0.1613
0.1612
0.1691
0.1628
0.1686
0.161
0.1574
0.167
0.1621
0.1711
0.1664
0.1594
0.1716
0.0615
0.0577
0.061
0.0642
0.0701
0.0515
0.0523
0.0602
0.0482
0.0679
0.0528
0.0628
0.0545
0.0472
0.0415
0.0543
0.0576
0.0502
0.0483
0.0613
0.0725
0.0607
0.0605
0.0647
0.0624
0.0644
0.0688
0.0597
0.0514
0.0535
0.0568
0.0627
0.0396
0.0626
0.0525
0.0626
0.051
0.0536
0.074
0.0549
0.0584
0.1185
0.0585
0.0456
0.0595
0.0678
0.0659
0.0602
0.0517
0.0635
0.1267
0.1277
0.1462
0.125
0.1128
0.119
0.1161
0.1389
0.1257
0.1064
0.1176
0.1257
0.13
0.1465
0.1356
0.1249
0.1421
0.1178
0.1222
0.107
0.1444
0.1946
0.1457
0.1183
0.1155
0.1376
0.1159
0.1446
0.1121
0.1039
0.1144
0.1274
0.1233
0.1339
0.1451
0.1352
0.1453
0.1267
0.1261
0.1237
0.1165
0.1223
0.116
0.1382
0.1366
0.1255
0.1411
0.1192
0.138
0.1209
0.1481
0.1353
0.1355
0.1481
0.1455
0.1369
0.131
0.1479
0.1358
0.1437
0.143
0.1467
0.138
0.1322
0.1365
0.141
0.1357
0.1398
0.1367
0.1411
0.1389
0.1492
0.1526
0.1411
0.1475
0.145
0.1466
0.1396
0.1463
0.1379
0.1416
0.1335
0.1395
0.1455
0.1403
0.1436
0.1348
0.136
0.1442
0.1462
0.1346
0.1531
0.1418
0.1305
0.1496
0.142
0.1517
0.1477
0.1362
0.1419
0.424
0.0494
0.0519
0.3813
0.3367
0.0458
0.0423
0.3382
0.0467
0.3614
0.0456
0.3886
0.3789
0.0423
0.0555
0.41
0.0482
0.3661
0.0494
0.3619
0.3815
0.3341
0.3954
0.057
0.0465
0.3987
0.3428
0.0572
0.0438
0.0412
0.0473
0.4024
0.0472
0.0454
0.0527
0.0527
0.0483
0.0464
0.0489
0.3626
0.055
0.0641
0.0508
0.0428
0.0476
0.0423
0.3157
0.3797
0.0384
0.3594
0.6667
0.6491
0.6693
0.6691
0.6713
0.668
0.6651
0.6765
0.6642
0.6705
0.6693
0.6612
0.6715
0.6504
0.6675
0.6644
0.6753
0.6765
0.6665
0.6668
0.6734
0.6655
0.6583
0.6692
0.6584
0.6534
0.6761
0.6758
0.6655
0.6707
0.6503
0.6491
0.6687
0.6665
0.6665
0.648
0.6598
0.6415
0.6632
0.674
0.6611
0.6661
0.6637
0.658
0.6608
0.6471
0.6762
0.6834
0.6799
0.6639
0.2
0.1761
0.1869
0.1988
0.1928
0.1739
0.1462
0.2078
0.1616
0.1937
0.1783
0.1897
0.1675
0.1447
0.1862
0.1712
0.1714
0.1929
0.194
0.19
0.1609
0.211
0.1981
0.1899
0.1849
0.1922
0.2049
0.189
0.1834
0.1892
0.1851
0.1543
0.1918
0.1936
0.1971
0.2003
0.187
0.1864
0.187
0.1898
0.1796
0.2104
0.2008
0.161
0.1977
0.1708
0.192
0.1958
0.1761
0.1923
0.2011
0.1906
0.1938
0.1873
0.1883
0.1889
0.1875
0.1957
0.1903
0.186
0.1955
0.1916
0.1906
0.1892
0.189
0.1895
0.1908
0.1896
0.182
0.1857
0.1887
0.1983
0.1943
0.185
0.1902
0.1925
0.1912
0.1897
0.1915
0.1868
0.1943
0.1888
0.1899
0.1917
0.1912
0.1878
0.193
0.1963
0.1974
0.1935
0.1902
0.2302
0.1874
0.1855
0.196
0.2075
0.1926
0.1928
0.2006
0.1978
0.3839
0.3334
0.3597
0.314
0.3102
0.3177
0.3395
0.3177
0.3434
0.2684
0.3191
0.3392
0.3213
0.3563
0.3857
0.3333
0.3321
0.2894
0.3537
0.3004
0.3399
0.3345
0.3593
0.3304
0.3224
0.3456
0.3068
0.3554
0.3234
0.3277
0.3283
0.3222
0.3287
0.344
0.3506
0.3545
0.3311
0.3306
0.3231
0.3087
0.3243
0.3487
0.3401
0.3517
0.3709
0.4166
0.3058
0.2937
0.3288
0.3125
0.4161
0.3603
0.368
0.392
0.3363
0.3402
0.3047
0.3857
0.3186
0.3862
0.3258
0.344
0.3669
0.3713
0.3897
0.3422
0.3288
0.331
0.3698
0.3299
0.4079
0.3854
0.3968
0.3423
0.338
0.3732
0.3394
0.3381
0.2858
0.3132
0.3646
0.3686
0.3606
0.3487
0.3919
0.3598
0.37
0.3312
0.3562
0.3627
0.332
0.3486
0.3409
0.3439
0.3898
0.3535
0.3851
0.366
0.3729
0.3409
0.132
0.1255
0.1302
0.1466
0.1373
0.1171
0.1209
0.1404
0.1302
0.1293
0.1231
0.1331
0.1427
0.1091
0.1243
0.1333
0.1319
0.1359
0.1265
0.1391
0.1283
0.1265
0.1469
0.1393
0.13
0.1336
0.1465
0.1362
0.1164
0.1406
0.1308
0.1143
0.1311
0.1274
0.1177
0.1354
0.1235
0.1199
0.1322
0.1395
0.124
0.1295
0.1312
0.1269
0.1361
0.1273
0.1432
0.1442
0.1298
0.124
0.6074
0.4283
0.4862
0.5794
0.5686
0.5328
0.453
0.5757
0.3914
0.6005
0.5789
0.6385
0.5537
0.3563
0.4777
0.4957
0.403
0.539
0.4553
0.6064
0.4274
0.5427
0.618
0.4762
0.5882
0.5879
0.6208
0.4827
0.5796
0.5715
0.517
0.4422
0.5868
0.5053
0.517
0.4817
0.493
0.4305
0.4504
0.516
0.4304
0.6108
0.5764
0.3973
0.6101
0.4259
0.5911
0.5357
0.5146
0.5993
0.1373
0.1295
0.1359
0.133
0.1367
0.0409
0.1461
0.1534
0.1384
0.1347
0.1292
0.1288
0.1393
0.1282
0.1393
0.1353
0.1397
0.1269
0.1381
0.133
0.1289
0.1277
0.1315
0.1428
0.1259
0.1405
0.1404
0.1305
0.1355
0.1262
0.1349
0.132
0.1285
0.124
0.1292
0.1336
0.1302
0.1348
0.1457
0.1328
0.1353
0.1813
0.1298
0.1247
0.1348
0.1258
0.1398
0.1375
0.1293
0.1319
0.2126
0.2102
0.2152
0.208
0.2099
0.191
0.2321
0.2051
0.2261
0.1981
0.222
0.2168
0.2096
0.2334
0.2033
0.2148
0.2298
0.1976
0.1917
0.2006
0.2077
0.1863
0.2239
0.1908
0.2149
0.249
0.2081
0.1811
0.2058
0.176
0.2235
0.2289
0.2003
0.1915
0.2345
0.2081
0.2071
0.1968
0.2018
0.2057
0.204
0.2168
0.1981
0.2065
0.2217
0.216
0.1927
0.1919
0.2218
0.208
0.1506
0.1643
0.1837
0.1639
0.1646
0.1701
0.1634
0.1719
0.1605
0.1636
0.1444
0.1669
0.1732
0.1567
0.1665
0.145
0.163
0.1555
0.1659
0.1696
0.1654
0.1321
0.1643
0.1645
0.1606
0.1773
0.1662
0.1691
0.1762
0.1495
0.1659
0.1581
0.1678
0.1508
0.1628
0.1689
0.1398
0.1782
0.1608
0.1666
0.1629
0.1362
0.1837
0.1663
0.1646
0.1634
0.1525
0.1615
0.1464
0.1434
0.0537
0.0603
0.0555
0.0576
0.0462
0.0432
0.0718
0.0491
0.069
0.0443
0.0474
0.0496
0.0525
0.0726
0.0572
0.0597
0.0749
0.0442
0.0537
0.0444
0.0552
0.0559
0.0582
0.0624
0.0529
0.0679
0.0497
0.0434
0.0546
0.0454
0.0529
0.0706
0.0448
0.048
0.0536
0.0579
0.0464
0.0536
0.0594
0.0445
0.0548
0.083
0.048
0.0611
0.0556
0.0913
0.0439
0.0405
0.0537
0.0526
0.1448
0.1315
0.1451
0.1343
0.1423
0.1229
0.1156
0.1486
0.1328
0.1278
0.1298
0.138
0.128
0.1386
0.1372
0.1279
0.1323
0.1363
0.1254
0.1244
0.1348
0.1519
0.1519
0.1355
0.1324
0.1393
0.139
0.1436
0.1299
0.1234
0.1287
0.1671
0.1374
0.1411
0.1378
0.1398
0.1422
0.1291
0.1267
0.1337
0.1315
0.1911
0.133
0.1411
0.1354
0.1239
0.1432
0.1575
0.135
0.1368
0.2864
0.2944
0.3094
0.278
0.2874
0.2661
0.2971
0.2971
0.3006
0.2769
0.2873
0.2965
0.3052
0.326
0.3119
0.3075
0.3206
0.2738
0.2928
0.2622
0.3197
0.2816
0.2994
0.2974
0.2848
0.3001
0.2924
0.2702
0.2815
0.2709
0.2948
0.2951
0.2884
0.2832
0.3178
0.3069
0.3417
0.2779
0.2693
0.3015
0.2956
0.2817
0.2906
0.2923
0.2972
0.2692
0.2872
0.2737
0.2918
0.2972
0.0529
0.0565
0.0549
0.0547
0.0512
0.0375
0.0556
0.0466
0.0535
0.0443
0.0469
0.0577
0.0517
0.0613
0.0566
0.0663
0.0687
0.0462
0.0461
0.0457
0.0589
0.047
0.0574
0.0507
0.0489
0.0584
0.0467
0.0416
0.0552
0.0475
0.0471
0.0548
0.0475
0.0525
0.0569
0.0573
0.0622
0.0544
0.0529
0.0567
0.0526
0.0703
0.0481
0.0499
0.0515
0.058
0.0534
0.0484
0.0525
0.0571
0.4212
0.382
0.409
0.3931
0.3995
0.3966
0.3888
0.4069
0.3891
0.4172
0.3902
0.3978
0.3919
0.3983
0.4012
0.4189
0.396
0.3979
0.3892
0.385
0.4176
0.4102
0.4355
0.3998
0.4021
0.422
0.4103
0.4136
0.3929
0.3972
0.3776
0.3891
0.4027
0.3999
0.4005
0.4064
0.3999
0.3912
0.3806
0.4091
0.3921
0.431
0.3947
0.392
0.4266
0.4073
0.397
0.4069
0.3945
0.4094
0.1341
0.1191
0.1366
0.144
0.1403
0.1429
0.1412
0.161
0.1185
0.1425
0.1421
0.1461
0.1368
0.1385
0.1555
0.1223
0.1285
0.1359
0.162
0.1342
0.1218
0.1479
0.1774
0.1391
0.1424
0.1567
0.1677
0.1426
0.1673
0.1485
0.1282
0.1157
0.1334
0.1322
0.1466
0.1579
0.1506
0.1261
0.1443
0.1417
0.1262
0.154
0.1365
0.1292
0.1609
0.1503
0.1661
0.1511
0.1568
0.1417
0.2061
0.1986
0.2159
0.2058
0.2019
0.1874
0.2135
0.2044
0.2211
0.201
0.1883
0.2007
0.2142
0.2189
0.1975
0.1908
0.2337
0.196
0.1984
0.1985
0.2266
0.1872
0.2165
0.2199
0.1939
0.2059
0.2049
0.2112
0.1907
0.1701
0.1897
0.2049
0.1907
0.1936
0.1747
0.226
0.2284
0.1875
0.2138
0.1948
0.1953
0.2583
0.1964
0.2135
0.1803
0.2575
0.2024
0.2009
0.2127
0.2193
0.1265
0.115
0.1131
0.1186
0.1108
0.1143
0.1107
0.1139
0.1075
0.1083
0.1147
0.1149
0.1072
0.111
0.118
0.1181
0.11
0.1134
0.1164
0.1143
0.1156
0.1274
0.1158
0.1097
0.1094
0.1092
0.1153
0.1035
0.1159
0.1104
0.1176
0.1091
0.1126
0.109
0.1097
0.1154
0.1129
0.1107
0.1155
0.1127
0.1105
0.163
0.1098
0.1078
0.1122
0.1214
0.1085
0.1254
0.1121
0.1073
0.781
0.7987
0.8256
0.7699
0.7509
0.83
0.7813
0.7711
0.8151
0.775
0.8346
0.7775
0.7599
0.7953
0.8107
0.7791
0.8092
0.7895
0.7946
0.7603
0.7804
0.7922
0.7517
0.8075
0.8504
0.7744
0.7733
0.8103
0.8422
0.8239
0.8108
0.7295
0.8224
0.8343
0.8031
0.8334
0.8388
0.7913
0.7837
0.7665
0.8368
0.6334
0.8278
0.8019
0.8269
0.7854
0.7739
0.7689
0.8095
0.7689
0.1711
0.1973
0.1846
0.1634
0.1875
0.178
0.1803
0.182
0.2106
0.1464
0.1643
0.1957
0.1898
0.1694
0.1694
0.176
0.1677
0.1634
0.1856
0.1691
0.1747
0.1377
0.176
0.1874
0.1642
0.1755
0.17
0.1745
0.2131
0.165
0.2006
0.1843
0.1889
0.1374
0.1576
0.1983
0.1757
0.2006
0.1693
0.1914
0.1809
0.216
0.2116
0.1689
0.179
0.2154
0.1527
0.1369
0.172
0.1716
0.4543
0.466
0.4747
0.4591
0.4258
0.4095
0.5016
0.4053
0.4801
0.4208
0.427
0.4422
0.4864
0.5541
0.448
0.562
0.5403
0.4316
0.4434
0.3935
0.52
0.4828
0.4844
0.4314
0.4436
0.4798
0.3807
0.4524
0.4502
0.3973
0.469
0.5715
0.4376
0.4612
0.4839
0.4438
0.4502
0.441
0.4434
0.4566
0.4774
0.4284
0.4115
0.4986
0.4597
0.4678
0.4212
0.4187
0.4671
0.463
0.2501
0.2147
0.2213
0.241
0.2336
0.219
0.2169
0.2309
0.2263
0.2242
0.2209
0.2253
0.2328
0.2126
0.2302
0.2236
0.2226
0.2186
0.2199
0.2256
0.2262
0.235
0.2406
0.2125
0.2255
0.236
0.2328
0.221
0.2216
0.2243
0.2277
0.2216
0.2114
0.2141
0.2172
0.2308
0.219
0.225
0.2177
0.2285
0.2258
0.2376
0.215
0.2109
0.2335
0.2469
0.2313
0.2302
0.2153
0.2259
0.035
0.036
0.038
0.036
0.0346
0.0296
0.0325
0.0333
0.0332
0.0324
0.0329
0.0436
0.0354
0.034
0.0359
0.048
0.04
0.0313
0.0349
0.0331
0.0305
0.0353
0.0363
0.0328
0.0346
0.0352
0.0351
0.0338
0.0332
0.0323
0.0342
0.0341
0.0306
0.0327
0.0376
0.0334
0.0372
0.0431
0.0342
0.0359
0.0331
0.0566
0.0365
0.0319
0.038
0.0333
0.0339
0.0332
0.0334
0.0339
0.0407
0.0488
0.0442
0.0473
0.0415
0.0388
0.0467
0.048
0.0468
0.0428
0.0385
0.0461
0.0452
0.0418
0.0422
0.0414
0.0502
0.0417
0.0429
0.0416
0.0414
0.0491
0.052
0.049
0.0387
0.0504
0.0448
0.0431
0.0457
0.0449
0.0437
0.04
0.0392
0.0411
0.0387
0.0446
0.042
0.0492
0.0505
0.0421
0.0454
0.1058
0.0454
0.0399
0.0457
0.0594
0.0467
0.0486
0.0402
0.0433
0.25
0.2375
0.2432
0.2412
0.2356
0.2412
0.2536
0.2555
0.2512
0.25
0.2568
0.2564
0.2495
0.2602
0.2614
0.2507
0.2614
0.2377
0.2551
0.2419
0.2573
0.2579
0.27
0.2435
0.2348
0.2608
0.2555
0.2437
0.2482
0.2421
0.2375
0.2409
0.2404
0.2552
0.2492
0.2569
0.2663
0.2356
0.2442
0.2538
0.2482
0.2823
0.2467
0.2412
0.2604
0.2469
0.2543
0.2558
0.2465
0.2532
0.0967
0.0865
0.1052
0.086
0.0883
0.084
0.0789
0.0859
0.0906
0.0792
0.082
0.084
0.0849
0.0909
0.0979
0.0831
0.0891
0.0838
0.0927
0.0869
0.0952
0.1012
0.1008
0.0906
0.0893
0.0922
0.0861
0.0904
0.0819
0.0872
0.0861
0.0978
0.08
0.0918
0.08
0.0943
0.0929
0.099
0.0902
0.0903
0.0956
0.1276
0.0889
0.0848
0.0887
0.1181
0.0932
0.095
0.087
0.0976
0.0373
0.0377
0.0353
0.0459
0.0311
0.036
0.0313
0.0396
0.0334
0.0333
0.0322
0.0359
0.03
0.0345
0.032
0.0295
0.0357
0.0322
0.0379
0.032
0.0365
0.0314
0.0441
0.0378
0.0335
0.0464
0.0362
0.0317
0.0335
0.0325
0.0344
0.0326
0.0326
0.0324
0.0355
0.0419
0.0326
0.0356
0.0323
0.0326
0.034
0.1001
0.0352
0.0357
0.0468
0.0423
0.0343
0.0353
0.0361
0.0315
0.0412
0.0385
0.0413
0.0417
0.0403
0.0339
0.0431
0.0445
0.044
0.0412
0.0382
0.0422
0.0468
0.0409
0.0413
0.0404
0.0411
0.0332
0.0409
0.0383
0.0398
0.0386
0.0451
0.0372
0.0367
0.0483
0.0959
0.042
0.0392
0.0416
0.0385
0.0421
0.0353
0.0391
0.0389
0.0413
0.0411
0.043
0.0419
0.0393
0.0364
0.0463
0.0377
0.0393
0.0439
0.0389
0.0384
0.0443
0.0402
0.0408
0.1459
0.1646
0.1587
0.1515
0.1453
0.1262
0.1569
0.1605
0.156
0.1305
0.1511
0.1585
0.1398
0.1763
0.1547
0.1629
0.1852
0.145
0.1474
0.1334
0.1728
0.1521
0.1526
0.1495
0.138
0.1562
0.1414
0.1492
0.1376
0.1586
0.1438
0.1506
0.1457
0.1474
0.1651
0.1479
0.1424
0.142
0.1375
0.1579
0.156
0.144
0.1335
0.1601
0.1534
0.1455
0.1499
0.1506
0.1473
0.1427
0.2732
0.2694
0.2771
0.2712
0.2763
0.273
0.2553
0.2762
0.2702
0.2813
0.2704
0.2803
0.2716
0.2628
0.2653
0.2672
0.2784
0.2667
0.2703
0.2673
0.2696
0.272
0.2793
0.2681
0.277
0.2795
0.2738
0.2858
0.276
0.2748
0.2765
0.2612
0.2743
0.2747
0.2794
0.2897
0.2791
0.2648
0.2669
0.2746
0.2611
0.3294
0.2785
0.2636
0.279
0.2705
0.2696
0.2812
0.2793
0.2783
0.0433
0.0403
0.0339
0.0355
0.0378
0.0328
0.0365
0.0389
0.0354
0.0355
0.0389
0.0364
0.0345
0.0341
0.0411
0.0357
0.0384
0.0343
0.0354
0.0358
0.0371
0.0505
0.0438
0.0389
0.0335
0.0379
0.0412
0.0333
0.0413
0.0348
0.0351
0.0358
0.0327
0.0315
0.0349
0.0329
0.0354
0.0462
0.0417
0.0323
0.034
0.0553
0.0379
0.0343
0.0371
0.0893
0.0408
0.0382
0.0378
0.0425
0.4105
0.4251
0.4215
0.3994
0.4113
0.4035
0.4201
0.417
0.4219
0.4043
0.4131
0.4125
0.4061
0.4101
0.4231
0.3984
0.429
0.3904
0.4146
0.4048
0.405
0.405
0.388
0.4113
0.4224
0.3824
0.4309
0.4151
0.4134
0.4074
0.3922
0.3894
0.4002
0.4199
0.4195
0.4221
0.4177
0.4031
0.4076
0.4204
0.4147
0.4117
0.4202
0.4195
0.3946
0.3133
0.3868
0.4209
0.4224
0.4164
0.0129
0.0231
0.0154
0.0174
0.024
0.0188
0.0196
0.0193
0.0204
0.0126
0.0163
0.0138
0.0141
0.0146
0.0184
0.0146
0.0126
0.0142
0.0145
0.0163
0.0141
0.0274
0.0155
0.024
0.0147
0.0195
0.0158
0.015
0.0214
0.0185
0.0132
0.0122
0.0152
0.0128
0.0156
0.012
0.0175
0.0378
0.0169
0.0124
0.0144
0.1867
0.0161
0.0167
0.0142
0.0379
0.0205
0.0173
0.0223
0.016
0.1782
0.1775
0.1922
0.1715
0.1781
0.1733
0.1677
0.1902
0.1776
0.1692
0.1939
0.1854
0.18
0.1661
0.2009
0.1744
0.1645
0.1665
0.1781
0.1703
0.1787
0.1664
0.1754
0.1797
0.1845
0.1725
0.1838
0.1862
0.1862
0.21
0.1763
0.1657
0.1743
0.175
0.1899
0.1908
0.1763
0.1773
0.1723
0.1809
0.1818
0.1677
0.1852
0.1682
0.1675
0.1883
0.1802
0.173
0.1727
0.1642
0.25
0.2861
0.3183
0.2573
0.2654
0.2994
0.2819
0.2341
0.2616
0.2101
0.2456
0.2602
0.2709
0.2837
0.3187
0.2748
0.2694
0.2756
0.2898
0.2459
0.2782
0.2068
0.2792
0.2447
0.2534
0.3056
0.2436
0.2587
0.3076
0.2548
0.2587
0.285
0.2781
0.2263
0.2337
0.2999
0.2457
0.2855
0.2462
0.2909
0.2565
0.2933
0.2954
0.2547
0.2735
0.3162
0.2258
0.21
0.269
0.278
0.12
0.1105
0.1106
0.1272
0.1209
0.1088
0.1079
0.1175
0.1083
0.1124
0.1176
0.1142
0.1158
0.1087
0.1225
0.1154
0.1202
0.1107
0.1131
0.1129
0.1148
0.1101
0.1195
0.1129
0.1095
0.1193
0.1142
0.1109
0.1123
0.109
0.1113
0.1176
0.1115
0.1086
0.1217
0.1148
0.116
0.1123
0.116
0.1125
0.1108
0.122
0.1129
0.115
0.1165
0.128
0.1202
0.111
0.1075
0.1186
0.3885
0.0394
0.0381
0.3877
0.3438
0.0346
0.042
0.331
0.0402
0.3551
0.0401
0.3855
0.3638
0.0425
0.0386
0.3947
0.0447
0.3502
0.0381
0.3449
0.3821
0.3634
0.3722
0.037
0.0396
0.3831
0.3469
0.039
0.0448
0.0452
0.0404
0.3696
0.0482
0.0379
0.0419
0.0434
0.0412
0.0522
0.039
0.3468
0.0371
0.049
0.0429
0.0372
0.0415
0.0416
0.3271
0.3675
0.0362
0.3557
0.2697
0.2712
0.2869
0.2614
0.2606
0.2428
0.3231
0.2808
0.2888
0.2477
0.27
0.2865
0.2848
0.3288
0.2872
0.3037
0.3236
0.2659
0.2707
0.2409
0.3041
0.2932
0.2858
0.2747
0.265
0.2883
0.2753
0.2857
0.2628
0.2525
0.2837
0.3093
0.2887
0.275
0.3001
0.301
0.3169
0.2424
0.2751
0.2715
0.3064
0.2684
0.2586
0.2992
0.289
0.2922
0.2775
0.2787
0.2773
0.2738
0.225
0.2325
0.2258
0.226
0.23
0.2371
0.211
0.2467
0.207
0.2122
0.2122
0.2283
0.2377
0.2097
0.2217
0.2243
0.2103
0.2122
0.2335
0.2252
0.2226
0.2188
0.261
0.2158
0.2182
0.2365
0.2299
0.2469
0.2348
0.1813
0.2075
0.2376
0.238
0.2205
0.2393
0.2436
0.2448
0.2375
0.223
0.2356
0.2394
0.3119
0.25
0.2149
0.227
0.2423
0.2273
0.1995
0.2273
0.225
0.2872
0.2813
0.2917
0.2808
0.2835
0.2786
0.2781
0.2831
0.2748
0.2762
0.282
0.2856
0.2968
0.2776
0.2836
0.2764
0.2839
0.2812
0.2966
0.2737
0.2868
0.2787
0.3074
0.2716
0.2816
0.2925
0.2866
0.2856
0.2899
0.2787
0.2861
0.2722
0.2837
0.28
0.2783
0.2971
0.2855
0.2776
0.2819
0.2948
0.2835
0.3535
0.299
0.2783
0.2996
0.2798
0.2701
0.2824
0.2735
0.2864
0.0399
0.0468
0.0396
0.0421
0.0378
0.0371
0.0436
0.0384
0.0431
0.0359
0.0414
0.0405
0.0378
0.044
0.0431
0.04
0.0433
0.0379
0.0381
0.0392
0.0398
0.0475
0.0421
0.0406
0.0382
0.0411
0.0378
0.0372
0.0444
0.0408
0.0394
0.0417
0.037
0.038
0.0393
0.0424
0.0404
0.0445
0.0414
0.0405
0.042
0.0719
0.0401
0.0402
0.042
0.0509
0.0379
0.0395
0.0399
0.0398
0.1689
0.1729
0.1737
0.1918
0.1709
0.1724
0.1718
0.1756
0.1716
0.1671
0.181
0.1713
0.1771
0.1762
0.1654
0.17
0.1772
0.1698
0.1674
0.1688
0.1673
0.175
0.1748
0.1754
0.1717
0.1759
0.1758
0.1703
0.1731
0.1697
0.1716
0.1687
0.1706
0.1737
0.1699
0.1687
0.1738
0.1694
0.1788
0.1724
0.1771
0.193
0.1741
0.1711
0.1775
0.205
0.1697
0.1775
0.1744
0.1747
0.1951
0.213
0.2213
0.1871
0.1873
0.1863
0.2816
0.1849
0.2317
0.1746
0.2083
0.1946
0.2331
0.2969
0.2355
0.2639
0.2707
0.1983
0.2054
0.1831
0.2547
0.2274
0.2802
0.1953
0.1931
0.2152
0.1557
0.1878
0.1963
0.1759
0.2153
0.3007
0.2065
0.1987
0.2246
0.2119
0.227
0.1744
0.2229
0.2165
0.2539
0.1673
0.1905
0.2573
0.2154
0.2374
0.2035
0.1768
0.2115
0.2062
0.2713
0.2663
0.3035
0.2552
0.2419
0.2607
0.2034
0.2685
0.2815
0.2639
0.2649
0.2837
0.3088
0.2568
0.2615
0.2394
0.2485
0.254
0.2499
0.25
0.2452
0.2579
0.294
0.2621
0.2515
0.279
0.275
0.2553
0.2756
0.2607
0.2565
0.2384
0.2484
0.2469
0.2839
0.2459
0.251
0.2373
0.2535
0.2466
0.2473
0.3214
0.2583
0.2397
0.2634
0.2566
0.2753
0.2571
0.2811
0.2472
0.2644
0.2547
0.2583
0.2598
0.2599
0.2547
0.2486
0.2579
0.2543
0.2556
0.2567
0.2585
0.2608
0.2533
0.2584
0.2592
0.2621
0.2609
0.2554
0.2525
0.258
0.2549
0.2773
0.2514
0.2596
0.2722
0.2543
0.2553
0.2564
0.2575
0.2587
0.2575
0.2557
0.2585
0.2637
0.2612
0.2589
0.2539
0.255
0.2587
0.2517
0.2715
0.2576
0.2555
0.2731
0.2546
0.2571
0.2588
0.2533
0.2643
0.3099
0.2662
0.2937
0.291
0.3083
0.2932
0.249
0.3142
0.2689
0.2862
0.2785
0.2999
0.2927
0.2592
0.2868
0.2626
0.2675
0.2892
0.2905
0.2865
0.2593
0.2835
0.2983
0.2684
0.2965
0.2995
0.3013
0.2947
0.2933
0.2961
0.2921
0.261
0.2935
0.2793
0.2859
0.2985
0.2802
0.2847
0.2844
0.3013
0.2674
0.3257
0.314
0.2621
0.2972
0.3287
0.2921
0.2931
0.2864
0.287
0.0656
0.0574
0.0631
0.0574
0.0553
0.054
0.0576
0.0591
0.0565
0.058
0.0557
0.0548
0.0517
0.0563
0.0585
0.057
0.0598
0.0577
0.0547
0.0541
0.0524
0.0582
0.0652
0.0546
0.0565
0.0621
0.0625
0.0497
0.0588
0.0539
0.0582
0.059
0.0544
0.0521
0.0547
0.0623
0.0634
0.0622
0.0571
0.0574
0.0521
0.0751
0.0537
0.0548
0.0629
0.0607
0.063
0.0568
0.0482
0.0612
0.6348
0.6177
0.6299
0.6287
0.6283
0.6286
0.6114
0.6298
0.6158
0.6265
0.6162
0.6265
0.6316
0.611
0.631
0.6202
0.6267
0.627
0.6188
0.626
0.6211
0.6319
0.6287
0.6233
0.6304
0.6286
0.624
0.6287
0.6147
0.617
0.6222
0.6133
0.6251
0.6278
0.6257
0.6344
0.628
0.6083
0.6331
0.6297
0.6258
0.6449
0.6298
0.616
0.6266
0.6125
0.6281
0.6334
0.6257
0.6253
0.1527
0.1644
0.1635
0.1352
0.1337
0.1234
0.1959
0.1167
0.1783
0.1391
0.1498
0.1666
0.1756
0.2135
0.1431
0.1588
0.2386
0.15
0.1509
0.1201
0.1997
0.1347
0.1661
0.1273
0.1428
0.1823
0.1271
0.1475
0.1409
0.1268
0.1444
0.1942
0.1599
0.1589
0.1921
0.144
0.1707
0.1521
0.1376
0.1661
0.1478
0.1298
0.1344
0.2096
0.1709
0.2492
0.1662
0.1317
0.1545
0.1519
0.0525
0.053
0.0494
0.0626
0.048
0.0432
0.0527
0.0526
0.0429
0.0445
0.0823
0.0505
0.0459
0.0442
0.048
0.0474
0.0454
0.0431
0.0474
0.0456
0.0416
0.053
0.0537
0.0462
0.0516
0.053
0.0507
0.0399
0.0595
0.0479
0.0468
0.0488
0.0487
0.0453
0.0493
0.0479
0.0473
0.0533
0.0474
0.0458
0.0522
0.062
0.0486
0.047
0.0524
0.0518
0.052
0.048
0.045
0.0475
0.1321
0.1085
0.0893
0.1035
0.1107
0.0757
0.1107
0.1109
0.1093
0.1111
0.0739
0.1219
0.1014
0.1257
0.09
0.1085
0.1135
0.0918
0.077
0.1116
0.1031
0.1067
0.155
0.0697
0.1169
0.1418
0.0997
0.0815
0.1435
0.1249
0.0853
0.1275
0.1043
0.0999
0.0978
0.0885
0.0929
0.0721
0.088
0.1054
0.0848
0.1707
0.0837
0.1117
0.1353
0.2113
0.0988
0.101
0.0997
0.1228
0.4076
0.0455
0.0449
0.3606
0.3348
0.0407
0.0405
0.3477
0.0434
0.3353
0.0444
0.3756
0.3841
0.0398
0.0552
0.3571
0.0504
0.3451
0.0384
0.3406
0.3696
0.3633
0.3612
0.0423
0.0452
0.3704
0.3259
0.0438
0.0459
0.0422
0.0454
0.3545
0.0384
0.0431
0.0452
0.0527
0.0481
0.0495
0.041
0.355
0.0407
0.0488
0.045
0.0427
0.0529
0.0485
0.3175
0.3501
0.0406
0.3367
0.415
0.4077
0.4191
0.4081
0.4087
0.4015
0.4077
0.399
0.4119
0.4017
0.4036
0.4139
0.4114
0.423
0.4098
0.4164
0.4147
0.4023
0.4013
0.404
0.4131
0.4335
0.4187
0.4012
0.4115
0.4182
0.4077
0.4039
0.4086
0.4008
0.4172
0.4153
0.405
0.4141
0.4097
0.4162
0.4143
0.409
0.4086
0.4046
0.4137
0.4139
0.415
0.4086
0.4197
0.3947
0.3996
0.4078
0.4191
0.4205
0.0681
0.0739
0.0672
0.0642
0.0642
0.0541
0.0679
0.0726
0.0713
0.0594
0.0744
0.0744
0.0501
0.0558
0.0708
0.0543
0.0707
0.0711
0.0624
0.0525
0.0679
0.0606
0.0736
0.061
0.0622
0.0714
0.0554
0.0651
0.0666
0.0598
0.084
0.0581
0.0748
0.0691
0.0773
0.0673
0.0813
0.0743
0.0707
0.0765
0.0522
0.0924
0.0793
0.0602
0.0665
0.0771
0.0646
0.062
0.0852
0.0643
0.0885
0.0884
0.084
0.0878
0.0844
0.0843
0.0745
0.0891
0.0842
0.0902
0.0906
0.0874
0.083
0.0764
0.0816
0.0845
0.0877
0.0852
0.0857
0.0865
0.0829
0.0944
0.0882
0.0869
0.084
0.0831
0.0886
0.087
0.0897
0.088
0.0854
0.0776
0.0872
0.0837
0.0857
0.087
0.0881
0.0947
0.0872
0.0884
0.082
0.1234
0.0864
0.0798
0.0875
0.1029
0.0864
0.0901
0.0845
0.0884
0.3966
0.3754
0.3882
0.3826
0.3819
0.3687
0.3772
0.3812
0.3825
0.3804
0.3845
0.3935
0.3773
0.3902
0.3904
0.3825
0.3734
0.3736
0.3756
0.3676
0.3855
0.4314
0.4035
0.3774
0.3889
0.3884
0.3832
0.3862
0.3902
0.3758
0.3811
0.4005
0.3817
0.3859
0.3914
0.3964
0.3924
0.3804
0.3717
0.3859
0.3846
0.3978
0.381
0.3821
0.4012
0.3929
0.3862
0.3864
0.3788
0.3869
0.2516
0.2475
0.2509
0.2544
0.2476
0.2459
0.2495
0.2514
0.2444
0.2507
0.2442
0.249
0.2511
0.2425
0.2476
0.252
0.2552
0.2485
0.2499
0.2443
0.248
0.2519
0.2562
0.2488
0.2481
0.2519
0.2598
0.251
0.245
0.2423
0.2524
0.2469
0.2464
0.2507
0.2534
0.2553
0.2494
0.2424
0.2508
0.253
0.2496
0.2707
0.2483
0.2436
0.2552
0.2488
0.2504
0.2549
0.2431
0.2495
0.1744
0.1392
0.1583
0.1788
0.1608
0.1626
0.1379
0.1717
0.1434
0.1603
0.1618
0.1598
0.1489
0.1367
0.1625
0.1387
0.1471
0.1521
0.1477
0.1428
0.1459
0.1464
0.1791
0.1573
0.1485
0.1609
0.1633
0.1609
0.144
0.15
0.1399
0.1331
0.1596
0.1419
0.1575
0.1548
0.1533
0.1458
0.1478
0.1545
0.149
0.2757
0.1453
0.1326
0.1666
0.1399
0.1658
0.1666
0.1461
0.1593
0.5455
0.5112
0.5345
0.5401
0.5287
0.5403
0.4808
0.5442
0.4966
0.5444
0.5374
0.5338
0.5386
0.489
0.5192
0.4984
0.5223
0.5512
0.5432
0.5294
0.5147
0.4983
0.5571
0.5284
0.5316
0.5364
0.5362
0.5338
0.5331
0.5388
0.5159
0.4765
0.5236
0.5327
0.5417
0.528
0.5436
0.501
0.535
0.5309
0.5254
0.5265
0.5329
0.5193
0.5466
0.4886
0.547
0.5424
0.5308
0.5557
0.2416
0.2573
0.2683
0.2564
0.2315
0.2384
0.2854
0.2173
0.2597
0.214
0.2247
0.2498
0.2455
0.2995
0.241
0.2867
0.2897
0.2305
0.2358
0.2248
0.2514
0.2267
0.2365
0.2361
0.225
0.2716
0.1904
0.2369
0.2485
0.2423
0.2715
0.3315
0.2398
0.2106
0.2751
0.2256
0.2549
0.2396
0.2542
0.2542
0.2527
0.2563
0.2485
0.286
0.245
0.2757
0.2208
0.2069
0.2419
0.2415
