0.0319
0.0306
0.0324
0.0605
0.0738
0.0844
0.2917
0.2723
0.2921
0.1429
0.1141
0.1633
0.0563
0.0646
0.0595
0.087
0.1875
0.194
0.1265
0.125
0.1249
0.1282
0.0481
0.0345
0.6484
0.672
0.6398
0.1762
0.1708
0.1635
0.182
0.1843
0.1717
0.3234
0.3703
0.3243
0.1815
0.2467
0.2796
0.1289
0.0962
0.0987
0.3023
0.3239
0.3129
0.1215
0.1406
0.1426
0.1663
0.185
0.2098
0.2294
0.102
0.21
0.0862
0.1348
0.138
0.1018
0.1245
0.102
0.2344
0.2765
0.2718
0.043
0.0601
0.0647
0.3343
0.3233
0.3819
0.0753
0.1082
0.091
0.1541
0.1632
0.1911
0.1044
0.1044
0.0995
0.7377
0.7981
0.7815
0.2311
0.2312
0.258
0.7695
0.7975
0.7493
0.2012
0.2255
0.2036
0.0317
0.0358
0.0299
0.0432
0.0504
0.0458
0.2199
0.2374
0.2414
0.0617
0.0692
0.0784
0.0351
0.0313
0.0295
0.0335
0.0501
0.0435
0.1345
0.2048
0.1393
0.2274
0.2409
0.246
0.035
0.0397
0.0354
0.4083
0.4139
0.4089
0.0151
0.0209
0.021
0.1398
0.1466
0.1484
0.3111
0.3212
0.2615
0.1158
0.1137
0.1115
0.1681
0.0398
0.0347
0.5726
0.4526
0.3479
0.1225
0.1909
0.1344
0.2503
0.2901
0.2805
0.0363
0.0401
0.0409
0.1647
0.1711
0.1592
0.1278
0.198
0.2451
0.27
0.131
0.2556
0.2584
0.2523
0.2505
0.1234
0.1385
0.1197
0.0486
0.0545
0.0489
0.6165
0.6151
0.5859
0.2351
0.2826
0.2284
0.038
0.048
0.051
0.1142
0.1102
0.1523
0.182
0.0541
0.042
0.3912
0.4095
0.4553
0.045
0.0752
0.0894
0.061
0.0915
0.0668
0.3509
0.3512
0.3383
0.2349
0.2507
0.2338
0.0997
0.1505
0.1282
0.3092
0.4134
0.4295
0.4231
0.4115
0.2881
