0.0231
0.0293
0.0358
0.0484
0.0626
0.0726
0.295
0.2681
0.2913
0.1355
0.1292
0.1417
0.0372
0.0629
0.0721
0.1575
0.1696
0.182
0.1253
0.132
0.1349
0.0316
0.0467
0.3307
0.653
0.6343
0.6348
0.1784
0.1802
0.1676
0.1828
0.1772
0.174
0.3336
0.3221
0.4042
0.2379
0.3771
0.2725
0.1035
0.1065
0.1125
0.2967
0.2896
0.2974
0.1287
0.1347
0.1376
0.1603
0.1735
0.2527
0.2254
0.0927
0.1022
0.0464
0.0687
0.1308
0.1236
0.0959
0.1221
0.2393
0.253
0.2803
0.0304
0.0561
0.065
0.4133
0.3381
0.3715
0.0829
0.0746
0.1215
0.1482
0.1709
0.1772
0.1154
0.0928
0.0895
0.7717
0.573
0.5995
0.2327
0.2255
0.2738
0.8253
0.6756
0.7516
0.2349
0.2174
0.2135
0.0274
0.0331
0.0301
0.0352
0.0473
0.0493
0.2208
0.2175
0.2328
0.1535
0.0776
0.0806
0.0313
0.0319
0.0335
0.034
0.0447
0.0433
0.119
0.1456
0.1532
0.1927
0.2087
0.2083
0.0334
0.0339
0.0413
0.4281
0.4181
0.3922
0.0115
0.0126
0.0171
0.1475
0.1522
0.1593
0.1798
0.2042
0.2647
0.1139
0.1167
0.1289
0.0361
0.0384
0.3329
0.3549
0.3863
0.3393
0.0802
0.0978
0.1323
0.2456
0.2674
0.2718
0.0338
0.0374
0.0435
0.1704
0.1631
0.1576
0.1736
0.3108
0.3313
0.2475
0.2453
0.2314
0.2554
0.2539
0.2503
0.125
0.1346
0.1626
0.0502
0.0523
0.0607
0.6291
0.5941
0.601
0.1883
0.2241
0.2485
0.0367
0.0394
0.0468
0.1579
0.1711
0.1604
0.0376
0.0461
0.421
0.4312
0.4473
0.4208
0.0414
0.0506
0.0475
0.0363
0.046
0.0507
0.3065
0.3379
0.3404
0.247
0.239
0.2398
0.1108
0.1096
0.1251
0.4401
0.3942
0.3902
0.3965
0.2738
0.3382
