0.0299
0.0262
0.0301
0.0278
0.0294
0.0254
0.0303
0.0295
0.0336
0.029
0.0273
0.0251
0.0275
0.0309
0.0342
0.0725
0.0637
0.065
0.4729
0.42
0.0892
0.0636
0.0846
0.0664
0.3451
0.2945
0.3027
0.0716
0.073
0.0591
0.291
0.2902
0.2965
0.2934
0.2971
0.2979
0.2992
0.2947
0.2973
0.2962
0.2969
0.2968
0.292
0.2977
0.3009
0.1587
0.1623
0.1657
0.1693
0.1612
0.1673
0.1687
0.1687
0.1775
0.1632
0.1647
0.1695
0.1712
0.1638
0.1784
0.0572
0.0592
0.0643
0.0632
0.0567
0.0705
0.0797
0.0586
0.0617
0.062
0.0611
0.066
0.0581
0.064
0.0709
0.1619
0.1368
0.1572
0.2492
0.0958
0.1395
0.1708
0.1324
0.2178
0.1312
0.2295
0.0958
0.1957
0.2125
0.0871
0.1321
0.1206
0.1352
0.1325
0.1305
0.1334
0.1344
0.141
0.1335
0.1413
0.1917
0.1323
0.1284
0.133
0.1379
0.0414
0.1889
0.0453
0.0523
0.2175
0.1965
0.1902
0.0553
0.3837
0.0419
0.037
0.3033
0.0356
0.0521
0.2772
0.65
0.6344
0.6661
0.6633
0.6075
0.6634
0.6419
0.6503
0.619
0.6331
0.6732
0.6522
0.6611
0.6625
0.6517
0.1661
0.136
0.1311
0.174
0.168
0.1166
0.1979
0.1588
0.112
0.1634
0.1658
0.1551
0.1512
0.1752
0.169
0.1825
0.1793
0.1924
0.1898
0.1783
0.1813
0.1832
0.1855
0.1941
0.1855
0.195
0.1913
0.1822
0.1855
0.1794
0.2782
0.2741
0.3284
0.5315
0.4475
0.4965
0.3714
0.3401
0.5861
0.2388
0.4031
0.5509
0.3299
0.3445
0.4963
0.2689
0.1897
0.3425
0.1771
0.2211
0.3587
0.3573
0.2946
0.3934
0.3019
0.3829
0.3688
0.2842
0.395
0.2735
0.1484
0.1595
0.1707
0.1735
0.1918
0.1971
0.1709
0.2013
0.2206
0.1866
0.1706
0.2159
0.1455
0.1645
0.154
0.3457
0.2389
0.287
0.3068
0.2765
0.2078
0.2877
0.2946
0.2462
0.2576
0.3142
0.2906
0.2601
0.3112
0.2459
0.1318
0.1224
0.1469
0.1867
0.1466
0.1503
0.139
0.1414
0.1547
0.1449
0.1342
0.1512
0.1434
0.1515
0.1532
0.1637
0.1686
0.2753
0.1415
0.1505
0.1507
0.1746
0.1494
0.1476
0.1542
0.1966
0.155
0.1377
0.1619
0.1469
0.1257
0.102
0.1594
0.3707
0.3033
0.5692
0.4274
0.2094
0.5607
0.1542
0.2447
0.2777
0.2888
0.2013
0.1049
0.0554
0.0517
0.0817
0.162
0.0441
0.0413
0.0918
0.0585
0.0417
0.052
0.1282
0.0484
0.0462
0.0456
0.0441
0.1315
0.1142
0.1248
0.2485
0.1334
0.1118
0.1332
0.1359
0.1341
0.1418
0.1954
0.1406
0.1602
0.1546
0.1321
0.246
0.2288
0.299
0.3536
0.2409
0.245
0.2633
0.2697
0.2444
0.2404
0.3249
0.2492
0.2334
0.2911
0.2366
0.0532
0.0431
0.0712
0.0428
0.0386
0.0468
0.0483
0.0492
0.0414
0.0359
0.0849
0.0411
0.0323
0.0555
0.0443
0.4049
0.3862
0.3794
0.4498
0.3949
0.366
0.4154
0.4386
0.4281
0.4115
0.4189
0.4102
0.4304
0.4316
0.4106
0.1114
0.0727
0.0821
0.093
0.0957
0.1038
0.1375
0.1247
0.1491
0.0941
0.0911
0.1218
0.0816
0.0992
0.0989
0.2286
0.1855
0.2173
0.2499
0.2388
0.1724
0.1756
0.2452
0.2536
0.2433
0.2459
0.2461
0.2426
0.2387
0.2386
0.1105
0.1075
0.1045
0.08
0.1081
0.1016
0.1174
0.1109
0.104
0.1031
0.1076
0.1014
0.1088
0.111
0.106
0.7392
0.6522
0.7787
0.7941
0.6382
0.8
0.7214
0.7832
0.7894
0.6911
0.8177
0.7067
0.7292
0.7825
0.7405
0.1469
0.2407
0.2327
0.3054
0.3362
0.73
0.4435
0.2207
0.6897
0.2265
0.3516
0.51
0.2341
0.2077
0.211
0.4469
0.3571
0.5683
0.2932
0.3083
0.2466
0.4086
0.3766
0.2671
0.2686
0.5315
0.2491
0.2643
0.3375
0.2484
0.2
0.2008
0.2063
0.1845
0.1793
0.1768
0.207
0.1746
0.1841
0.18
0.2358
0.2191
0.1749
0.2165
0.1639
0.0329
0.0321
0.0376
0.0334
0.0284
0.0315
0.0383
0.0344
0.0333
0.0321
0.0306
0.0342
0.0334
0.0324
0.0371
0.0517
0.0452
0.0525
0.0565
0.0434
0.0524
0.0529
0.0461
0.0511
0.046
0.0466
0.0497
0.0495
0.0424
0.0482
0.2111
0.179
0.2443
0.2376
0.1921
0.218
0.2223
0.2203
0.2242
0.2002
0.2561
0.2122
0.2061
0.2303
0.2075
0.1491
0.0651
0.1519
0.6344
0.1812
0.7364
0.0743
0.1841
0.6709
0.1352
0.129
0.3617
0.1067
0.1419
0.2202
0.0391
0.0315
0.0344
0.036
0.0309
0.0286
0.0366
0.0392
0.0319
0.0333
0.0314
0.036
0.0318
0.0295
0.0359
0.0436
0.0258
0.0434
0.0418
0.0444
0.0414
0.0366
0.0411
0.047
0.038
0.0402
0.0364
0.0404
0.0452
0.0442
0.1273
0.1604
0.1567
0.1281
0.121
0.1266
0.1432
0.139
0.1338
0.1232
0.1535
0.1268
0.1275
0.1317
0.1229
0.2607
0.2366
0.2605
0.2817
0.2702
0.2735
0.2624
0.2735
0.2865
0.2578
0.2733
0.2566
0.2503
0.2537
0.2658
0.0369
0.0346
0.0318
0.0832
0.0344
0.035
0.0367
0.0385
0.054
0.0368
0.032
0.0367
0.036
0.0367
0.039
0.4106
0.4224
0.4214
0.422
0.4299
0.422
0.4251
0.4137
0.4234
0.4196
0.4065
0.4286
0.4317
0.4174
0.4331
0.0152
0.013
0.0109
0.0154
0.0131
0.0134
0.0132
0.0153
0.0166
0.0156
0.0173
0.0111
0.0187
0.0131
0.016
0.1504
0.1167
0.1472
0.1138
0.1228
0.0931
0.123
0.1297
0.104
0.1245
0.1581
0.121
0.1353
0.1306
0.0974
0.2257
0.2337
0.2872
0.4981
0.3006
0.7342
0.4139
0.3422
0.4993
0.3373
0.357
0.3768
0.4021
0.3306
0.359
0.1124
0.1083
0.1118
0.116
0.1164
0.1115
0.1137
0.1182
0.1253
0.1216
0.1091
0.1124
0.1099
0.1154
0.1266
0.0369
0.2458
0.0435
0.0397
0.2888
0.1798
0.2356
0.041
0.4202
0.0412
0.0549
0.3566
0.0374
0.0362
0.3316
0.3474
0.5335
0.3409
0.4265
0.2484
0.5137
0.3059
0.3253
0.4691
0.3254
0.5675
0.2304
0.2472
0.2991
0.1992
0.2069
0.1276
0.1886
0.2435
0.1385
0.1712
0.1702
0.1702
0.1708
0.141
0.2172
0.1591
0.1385
0.1979
0.147
0.25
0.2362
0.2802
0.2683
0.244
0.258
0.2733
0.2452
0.2827
0.2369
0.2823
0.2787
0.2694
0.2845
0.2104
0.038
0.0351
0.0419
0.0573
0.0351
0.0457
0.0512
0.0416
0.0425
0.0372
0.0405
0.0372
0.0395
0.038
0.0418
0.1716
0.1671
0.1762
0.1765
0.1705
0.1775
0.173
0.1785
0.1789
0.1726
0.1789
0.1771
0.1717
0.1737
0.1804
0.2471
0.1761
0.3069
0.1498
0.1528
0.1177
0.1675
0.1874
0.1537
0.1307
0.2833
0.149
0.1204
0.1981
0.1243
0.2538
0.2564
0.2409
0.2815
0.2391
0.2995
0.2896
0.2837
0.2491
0.2605
0.2059
0.2289
0.2577
0.2685
0.0779
0.2537
0.2456
0.2609
0.2563
0.2555
0.2546
0.2609
0.2756
0.2573
0.2573
0.2622
0.2543
0.2549
0.2553
0.2479
0.1413
0.1171
0.1534
0.063
0.121
0.1421
0.1404
0.1381
0.0763
0.0833
0.1821
0.1348
0.0755
0.075
0.0987
0.0564
0.0512
0.0532
0.0559
0.0512
0.0478
0.0704
0.058
0.0561
0.0597
0.0573
0.0662
0.0907
0.0446
0.068
0.6178
0.6203
0.6096
0.6086
0.6154
0.6273
0.6177
0.6265
0.6352
0.6171
0.6161
0.6283
0.6179
0.6169
0.6253
0.2062
0.1951
0.2607
0.2281
0.1719
0.2233
0.208
0.2325
0.227
0.2276
0.2877
0.2004
0.2033
0.2813
0.1951
0.0427
0.041
0.0396
0.0525
0.0378
0.0411
0.0441
0.0409
0.0475
0.0406
0.049
0.0424
0.036
0.0414
0.0445
0.0923
0.0596
0.149
0.313
0.0522
0.1681
0.0897
0.1164
0.0502
0.0525
0.1195
0.053
0.0448
0.1252
0.0537
0.0462
0.2287
0.0461
0.0407
0.2874
0.2009
0.2371
0.051
0.4499
0.039
0.0394
0.3364
0.0424
0.0406
0.3304
0.4003
0.3897
0.4147
0.4226
0.3726
0.4247
0.4175
0.4093
0.3331
0.4089
0.4768
0.4128
0.3853
0.3973
0.3793
0.0515
0.0404
0.0472
0.2444
0.0468
0.052
0.0657
0.109
0.1662
0.148
0.0481
0.1494
0.0485
0.1133
0.0461
0.0824
0.0316
0.0715
0.1171
0.0859
0.0399
0.0803
0.0889
0.0381
0.0855
0.087
0.083
0.0814
0.0858
0.0952
0.3336
0.3311
0.3943
0.3046
0.3188
0.3052
0.3777
0.3307
0.3107
0.3674
0.3533
0.3193
0.3056
0.3117
0.2931
0.2475
0.2474
0.248
0.2565
0.2462
0.2617
0.2564
0.2545
0.2419
0.2508
0.2514
0.2595
0.2577
0.2506
0.2565
0.1397
0.1546
0.139
0.233
0.1536
0.2014
0.1533
0.1652
0.1537
0.1265
0.1793
0.1351
0.1065
0.1637
0.1001
0.41
0.1462
0.3999
0.4848
0.3262
0.3275
0.3069
0.4031
0.3341
0.1754
0.5108
0.2199
0.1816
0.5113
0.299
0.3214
0.2891
0.4348
0.6683
0.4516
0.7741
0.6158
0.4377
0.7396
0.4768
0.6356
0.5903
0.6151
0.5437
0.475
