0.062
0.031
0.0394
0.033
0.0277
0.0381
0.0308
0.1046
0.0707
0.0909
0.0783
0.0665
0.0777
0.0757
0.3193
0.2816
0.2957
0.2998
0.2971
0.3045
0.3038
0.2037
0.1679
0.1683
0.1631
0.168
0.1706
0.1791
0.0934
0.0698
0.0611
0.0637
0.0655
0.0773
0.0695
0.2317
0.1116
0.2161
0.1287
0.068
0.2299
0.2316
0.1681
0.1525
0.1475
0.1337
0.1407
0.1614
0.1607
0.4072
0.0465
0.3795
0.0965
0.1858
0.3838
0.4128
0.6728
0.6286
0.6591
0.6254
0.6283
0.659
0.6617
0.1861
0.1662
0.1751
0.1787
0.1561
0.192
0.1401
0.2089
0.1846
0.1808
0.1919
0.1796
0.1847
0.1961
0.5645
0.3216
0.5283
0.6405
0.338
0.5954
0.3722
0.4154
0.3472
0.3742
0.1244
0.3197
0.4378
0.3945
0.2197
0.1772
0.1752
0.1751
0.1824
0.1306
0.1164
0.2901
0.24
0.2594
0.216
0.2104
0.3723
0.283
0.1799
0.1494
0.167
0.1592
0.1473
0.1456
0.1549
0.1899
0.1826
0.1779
0.1349
0.1974
0.1596
0.2002
0.3713
0.1286
0.3468
0.183
0.2652
0.6563
0.1615
0.1028
0.0568
0.0847
0.1275
0.0621
0.1997
0.0545
0.2226
0.1221
0.1643
0.1441
0.1221
0.1954
0.16
0.2943
0.2531
0.3017
0.2758
0.2506
0.3278
0.3197
0.0882
0.0477
0.0608
0.0386
0.048
0.0443
0.096
0.4517
0.3976
0.4202
0.4177
0.4173
0.429
0.4136
0.1202
0.0891
0.1234
0.1826
0.0881
0.0795
0.1332
0.231
0.2345
0.2409
0.248
0.2411
0.247
0.2437
0.1158
0.1117
0.1
0.1248
0.1089
0.0942
0.1207
0.6158
0.7366
0.6199
0.4904
0.7155
0.4883
0.7483
0.308
0.2336
0.2771
0.2464
0.2465
0.7077
0.3805
0.302
0.4005
0.3887
0.2874
0.3831
0.3492
0.6235
0.257
0.1763
0.2362
0.1737
0.1927
0.2247
0.2295
0.045
0.036
0.0323
0.038
0.0318
0.0339
0.0364
0.091
0.0543
0.0627
0.0577
0.0456
0.0472
0.0565
0.2381
0.2193
0.2154
0.2098
0.2031
0.2275
0.2533
0.4699
0.1809
0.4471
0.0777
0.175
0.6863
0.3557
0.0639
0.0337
0.0366
0.0461
0.0293
0.0382
0.0381
0.0714
0.0387
0.0555
0.0535
0.0458
0.0459
0.0627
0.1645
0.1271
0.1519
0.1532
0.132
0.1424
0.176
0.2619
0.2674
0.2524
0.2695
0.2571
0.2751
0.2612
0.0894
0.04
0.0745
0.05
0.0358
0.0386
0.043
0.4475
0.409
0.4118
0.4381
0.4294
0.4344
0.386
0.0317
0.0136
0.0183
0.0163
0.0139
0.0138
0.0224
0.1427
0.131
0.1268
0.1173
0.1284
0.1245
0.1547
0.5746
0.2829
0.507
0.3474
0.3195
0.5142
0.2759
0.118
0.1123
0.1096
0.1134
0.1143
0.1122
0.121
0.3667
0.0401
0.42
0.1262
0.2196
0.457
0.4095
0.3953
0.5681
0.3867
0.2102
0.35
0.437
0.3871
0.1721
0.1554
0.161
0.1502
0.1372
0.1536
0.2763
0.2844
0.2609
0.2371
0.2512
0.2395
0.2297
0.265
0.0823
0.0456
0.0511
0.0528
0.0422
0.0503
0.0455
0.1909
0.1751
0.1725
0.1788
0.1727
0.1778
0.1809
0.2104
0.1981
0.2101
0.1089
0.216
0.471
0.3853
0.2317
0.2661
0.2336
0.2705
0.2262
0.2408
0.1745
0.2958
0.253
0.2575
0.2537
0.2567
0.2448
0.26
0.1506
0.1616
0.0919
0.1961
0.0969
0.2777
0.1198
0.0986
0.063
0.0646
0.0746
0.0496
0.0595
0.0667
0.6254
0.6229
0.61
0.5953
0.6163
0.6003
0.5965
0.262
0.2173
0.2485
0.2183
0.2085
0.3198
0.3009
0.0744
0.0435
0.0512
0.0556
0.0437
0.0494
0.0527
0.1008
0.0898
0.0714
0.0746
0.0744
0.0544
0.0753
0.3925
0.0468
0.4623
0.1235
0.2116
0.4118
0.4054
0.3828
0.395
0.345
0.3605
0.3833
0.4888
0.4215
0.1536
0.0493
0.1352
0.0722
0.1339
0.0994
0.1069
0.128
0.0837
0.0994
0.0513
0.085
0.1268
0.0933
0.3544
0.3344
0.3282
0.3182
0.324
0.3043
0.3751
0.2747
0.2522
0.237
0.2549
0.2431
0.2248
0.2579
0.1848
0.1274
0.1537
0.1605
0.1136
0.1615
0.1649
0.3684
0.2758
0.327
0.3271
0.3417
0.5437
0.3885
0.6429
0.5379
0.5621
0.5684
0.6424
0.6661
0.4691
